# Qx	Qy	Survival
18.55	18.55	65.00
18.56	18.55	31.00
18.57	18.55	62.00
18.58	18.55	105.00
18.59	18.55	132.00
18.60	18.55	160.00
18.61	18.55	168.00
18.62	18.55	183.00
18.63	18.55	189.00
18.64	18.55	193.00
18.65	18.55	195.00
18.66	18.55	195.00
18.67	18.55	196.00
18.68	18.55	196.00
18.69	18.55	196.00
18.70	18.55	196.00
18.71	18.55	195.00
18.72	18.55	196.00
18.73	18.55	195.00
18.74	18.55	195.00
18.75	18.55	195.00
18.76	18.55	194.00
18.77	18.55	193.00
18.78	18.55	194.00
18.79	18.55	193.00
18.80	18.55	194.00
18.81	18.55	193.00
18.82	18.55	194.00
18.83	18.55	193.00
18.84	18.55	194.00
18.85	18.55	193.00
18.86	18.55	193.00
18.87	18.55	193.00
18.88	18.55	192.00
18.89	18.55	195.00
18.90	18.55	192.00
18.91	18.55	193.00
18.92	18.55	194.00
18.93	18.55	195.00
18.94	18.55	193.00
18.95	18.55	194.00
18.55	18.56	56.00
18.56	18.56	21.00
18.57	18.56	29.00
18.58	18.56	56.00
18.59	18.56	80.00
18.60	18.56	96.00
18.61	18.56	108.00
18.62	18.56	112.00
18.63	18.56	115.00
18.64	18.56	119.00
18.65	18.56	118.00
18.66	18.56	121.00
18.67	18.56	123.00
18.68	18.56	124.00
18.69	18.56	125.00
18.70	18.56	126.00
18.71	18.56	124.00
18.72	18.56	125.00
18.73	18.56	125.00
18.74	18.56	124.00
18.75	18.56	125.00
18.76	18.56	126.00
18.77	18.56	124.00
18.78	18.56	123.00
18.79	18.56	122.00
18.80	18.56	124.00
18.81	18.56	124.00
18.82	18.56	127.00
18.83	18.56	128.00
18.84	18.56	126.00
18.85	18.56	126.00
18.86	18.56	127.00
18.87	18.56	124.00
18.88	18.56	127.00
18.89	18.56	127.00
18.90	18.56	126.00
18.91	18.56	127.00
18.92	18.56	127.00
18.93	18.56	126.00
18.94	18.56	125.00
18.95	18.56	124.00
18.55	18.57	35.00
18.56	18.57	19.00
18.57	18.57	7.00
18.58	18.57	22.00
18.59	18.57	52.00
18.60	18.57	66.00
18.61	18.57	79.00
18.62	18.57	84.00
18.63	18.57	88.00
18.64	18.57	91.00
18.65	18.57	91.00
18.66	18.57	93.00
18.67	18.57	94.00
18.68	18.57	94.00
18.69	18.57	94.00
18.70	18.57	94.00
18.71	18.57	94.00
18.72	18.57	93.00
18.73	18.57	95.00
18.74	18.57	96.00
18.75	18.57	94.00
18.76	18.57	96.00
18.77	18.57	96.00
18.78	18.57	96.00
18.79	18.57	95.00
18.80	18.57	96.00
18.81	18.57	97.00
18.82	18.57	96.00
18.83	18.57	96.00
18.84	18.57	96.00
18.85	18.57	96.00
18.86	18.57	97.00
18.87	18.57	96.00
18.88	18.57	96.00
18.89	18.57	97.00
18.90	18.57	97.00
18.91	18.57	97.00
18.92	18.57	98.00
18.93	18.57	97.00
18.94	18.57	98.00
18.95	18.57	97.00
18.55	18.58	23.00
18.56	18.58	19.00
18.57	18.58	8.00
18.58	18.58	21.00
18.59	18.58	57.00
18.60	18.58	119.00
18.61	18.58	131.00
18.62	18.58	148.00
18.63	18.58	164.00
18.64	18.58	179.00
18.65	18.58	182.00
18.66	18.58	190.00
18.67	18.58	189.00
18.68	18.58	194.00
18.69	18.58	188.00
18.70	18.58	193.00
18.71	18.58	194.00
18.72	18.58	195.00
18.73	18.58	194.00
18.74	18.58	197.00
18.75	18.58	199.00
18.76	18.58	197.00
18.77	18.58	199.00
18.78	18.58	201.00
18.79	18.58	201.00
18.80	18.58	202.00
18.81	18.58	192.00
18.82	18.58	197.00
18.83	18.58	198.00
18.84	18.58	198.00
18.85	18.58	195.00
18.86	18.58	194.00
18.87	18.58	197.00
18.88	18.58	198.00
18.89	18.58	201.00
18.90	18.58	198.00
18.91	18.58	200.00
18.92	18.58	200.00
18.93	18.58	197.00
18.94	18.58	194.00
18.95	18.58	196.00
18.55	18.59	295.00
18.56	18.59	255.00
18.57	18.59	130.00
18.58	18.59	44.00
18.59	18.59	48.00
18.60	18.59	168.00
18.61	18.59	327.00
18.62	18.59	327.00
18.63	18.59	343.00
18.64	18.59	382.00
18.65	18.59	407.00
18.66	18.59	432.00
18.67	18.59	444.00
18.68	18.59	447.00
18.69	18.59	448.00
18.70	18.59	446.00
18.71	18.59	444.00
18.72	18.59	447.00
18.73	18.59	447.00
18.74	18.59	450.00
18.75	18.59	445.00
18.76	18.59	456.00
18.77	18.59	452.00
18.78	18.59	443.00
18.79	18.59	456.00
18.80	18.59	446.00
18.81	18.59	450.00
18.82	18.59	451.00
18.83	18.59	440.00
18.84	18.59	454.00
18.85	18.59	447.00
18.86	18.59	450.00
18.87	18.59	448.00
18.88	18.59	443.00
18.89	18.59	445.00
18.90	18.59	445.00
18.91	18.59	446.00
18.92	18.59	449.00
18.93	18.59	441.00
18.94	18.59	443.00
18.95	18.59	445.00
18.55	18.60	621.00
18.56	18.60	735.00
18.57	18.60	661.00
18.58	18.60	333.00
18.59	18.60	224.00
18.60	18.60	350.00
18.61	18.60	580.00
18.62	18.60	725.00
18.63	18.60	735.00
18.64	18.60	726.00
18.65	18.60	748.00
18.66	18.60	757.00
18.67	18.60	775.00
18.68	18.60	779.00
18.69	18.60	816.00
18.70	18.60	818.00
18.71	18.60	818.00
18.72	18.60	813.00
18.73	18.60	818.00
18.74	18.60	816.00
18.75	18.60	821.00
18.76	18.60	822.00
18.77	18.60	825.00
18.78	18.60	818.00
18.79	18.60	814.00
18.80	18.60	817.00
18.81	18.60	818.00
18.82	18.60	816.00
18.83	18.60	824.00
18.84	18.60	818.00
18.85	18.60	804.00
18.86	18.60	809.00
18.87	18.60	813.00
18.88	18.60	811.00
18.89	18.60	805.00
18.90	18.60	815.00
18.91	18.60	809.00
18.92	18.60	811.00
18.93	18.60	809.00
18.94	18.60	817.00
18.95	18.60	810.00
18.55	18.61	700.00
18.56	18.61	975.00
18.57	18.61	962.00
18.58	18.61	952.00
18.59	18.61	603.00
18.60	18.61	451.00
18.61	18.61	760.00
18.62	18.61	923.00
18.63	18.61	982.00
18.64	18.61	979.00
18.65	18.61	962.00
18.66	18.61	960.00
18.67	18.61	973.00
18.68	18.61	978.00
18.69	18.61	987.00
18.70	18.61	987.00
18.71	18.61	988.00
18.72	18.61	993.00
18.73	18.61	994.00
18.74	18.61	993.00
18.75	18.61	993.00
18.76	18.61	995.00
18.77	18.61	996.00
18.78	18.61	994.00
18.79	18.61	991.00
18.80	18.61	992.00
18.81	18.61	993.00
18.82	18.61	995.00
18.83	18.61	992.00
18.84	18.61	994.00
18.85	18.61	993.00
18.86	18.61	998.00
18.87	18.61	992.00
18.88	18.61	994.00
18.89	18.61	993.00
18.90	18.61	995.00
18.91	18.61	996.00
18.92	18.61	995.00
18.93	18.61	992.00
18.94	18.61	988.00
18.95	18.61	990.00
18.55	18.62	724.00
18.56	18.62	994.00
18.57	18.62	996.00
18.58	18.62	996.00
18.59	18.62	978.00
18.60	18.62	787.00
18.61	18.62	724.00
18.62	18.62	941.00
18.63	18.62	993.00
18.64	18.62	1000.00
18.65	18.62	995.00
18.66	18.62	987.00
18.67	18.62	969.00
18.68	18.62	975.00
18.69	18.62	993.00
18.70	18.62	996.00
18.71	18.62	997.00
18.72	18.62	997.00
18.73	18.62	1000.00
18.74	18.62	1000.00
18.75	18.62	1000.00
18.76	18.62	1000.00
18.77	18.62	1000.00
18.78	18.62	1000.00
18.79	18.62	1000.00
18.80	18.62	1000.00
18.81	18.62	1000.00
18.82	18.62	1000.00
18.83	18.62	1000.00
18.84	18.62	1000.00
18.85	18.62	1000.00
18.86	18.62	1000.00
18.87	18.62	1000.00
18.88	18.62	1000.00
18.89	18.62	1000.00
18.90	18.62	1000.00
18.91	18.62	1000.00
18.92	18.62	1000.00
18.93	18.62	1000.00
18.94	18.62	1000.00
18.95	18.62	1000.00
18.55	18.63	717.00
18.56	18.63	996.00
18.57	18.63	1000.00
18.58	18.63	999.00
18.59	18.63	996.00
18.60	18.63	979.00
18.61	18.63	815.00
18.62	18.63	783.00
18.63	18.63	960.00
18.64	18.63	992.00
18.65	18.63	1000.00
18.66	18.63	1000.00
18.67	18.63	996.00
18.68	18.63	986.00
18.69	18.63	983.00
18.70	18.63	976.00
18.71	18.63	989.00
18.72	18.63	996.00
18.73	18.63	994.00
18.74	18.63	997.00
18.75	18.63	1000.00
18.76	18.63	1000.00
18.77	18.63	1000.00
18.78	18.63	1000.00
18.79	18.63	1000.00
18.80	18.63	1000.00
18.81	18.63	1000.00
18.82	18.63	1000.00
18.83	18.63	1000.00
18.84	18.63	1000.00
18.85	18.63	1000.00
18.86	18.63	1000.00
18.87	18.63	1000.00
18.88	18.63	1000.00
18.89	18.63	1000.00
18.90	18.63	1000.00
18.91	18.63	1000.00
18.92	18.63	1000.00
18.93	18.63	1000.00
18.94	18.63	1000.00
18.95	18.63	1000.00
18.55	18.64	728.00
18.56	18.64	1000.00
18.57	18.64	999.00
18.58	18.64	1000.00
18.59	18.64	999.00
18.60	18.64	998.00
18.61	18.64	979.00
18.62	18.64	820.00
18.63	18.64	783.00
18.64	18.64	962.00
18.65	18.64	995.00
18.66	18.64	1000.00
18.67	18.64	1000.00
18.68	18.64	1000.00
18.69	18.64	1000.00
18.70	18.64	988.00
18.71	18.64	981.00
18.72	18.64	985.00
18.73	18.64	992.00
18.74	18.64	997.00
18.75	18.64	998.00
18.76	18.64	999.00
18.77	18.64	1000.00
18.78	18.64	1000.00
18.79	18.64	1000.00
18.80	18.64	1000.00
18.81	18.64	1000.00
18.82	18.64	1000.00
18.83	18.64	1000.00
18.84	18.64	1000.00
18.85	18.64	1000.00
18.86	18.64	1000.00
18.87	18.64	1000.00
18.88	18.64	1000.00
18.89	18.64	1000.00
18.90	18.64	1000.00
18.91	18.64	1000.00
18.92	18.64	1000.00
18.93	18.64	1000.00
18.94	18.64	1000.00
18.95	18.64	1000.00
18.55	18.65	727.00
18.56	18.65	999.00
18.57	18.65	1000.00
18.58	18.65	1000.00
18.59	18.65	1000.00
18.60	18.65	1000.00
18.61	18.65	997.00
18.62	18.65	980.00
18.63	18.65	822.00
18.64	18.65	785.00
18.65	18.65	962.00
18.66	18.65	996.00
18.67	18.65	1000.00
18.68	18.65	1000.00
18.69	18.65	1000.00
18.70	18.65	1000.00
18.71	18.65	998.00
18.72	18.65	988.00
18.73	18.65	989.00
18.74	18.65	991.00
18.75	18.65	992.00
18.76	18.65	997.00
18.77	18.65	998.00
18.78	18.65	998.00
18.79	18.65	1000.00
18.80	18.65	1000.00
18.81	18.65	1000.00
18.82	18.65	1000.00
18.83	18.65	1000.00
18.84	18.65	1000.00
18.85	18.65	1000.00
18.86	18.65	1000.00
18.87	18.65	1000.00
18.88	18.65	1000.00
18.89	18.65	1000.00
18.90	18.65	1000.00
18.91	18.65	1000.00
18.92	18.65	1000.00
18.93	18.65	1000.00
18.94	18.65	1000.00
18.95	18.65	1000.00
18.55	18.66	734.00
18.56	18.66	1000.00
18.57	18.66	1000.00
18.58	18.66	1000.00
18.59	18.66	1000.00
18.60	18.66	1000.00
18.61	18.66	1000.00
18.62	18.66	998.00
18.63	18.66	979.00
18.64	18.66	828.00
18.65	18.66	785.00
18.66	18.66	961.00
18.67	18.66	996.00
18.68	18.66	1000.00
18.69	18.66	1000.00
18.70	18.66	1000.00
18.71	18.66	1000.00
18.72	18.66	1000.00
18.73	18.66	1000.00
18.74	18.66	991.00
18.75	18.66	993.00
18.76	18.66	989.00
18.77	18.66	994.00
18.78	18.66	998.00
18.79	18.66	996.00
18.80	18.66	999.00
18.81	18.66	1000.00
18.82	18.66	1000.00
18.83	18.66	1000.00
18.84	18.66	1000.00
18.85	18.66	1000.00
18.86	18.66	1000.00
18.87	18.66	1000.00
18.88	18.66	1000.00
18.89	18.66	1000.00
18.90	18.66	1000.00
18.91	18.66	1000.00
18.92	18.66	1000.00
18.93	18.66	1000.00
18.94	18.66	1000.00
18.95	18.66	1000.00
18.55	18.67	733.00
18.56	18.67	999.00
18.57	18.67	1000.00
18.58	18.67	1000.00
18.59	18.67	1000.00
18.60	18.67	1000.00
18.61	18.67	1000.00
18.62	18.67	1000.00
18.63	18.67	998.00
18.64	18.67	982.00
18.65	18.67	826.00
18.66	18.67	786.00
18.67	18.67	961.00
18.68	18.67	996.00
18.69	18.67	1000.00
18.70	18.67	1000.00
18.71	18.67	1000.00
18.72	18.67	1000.00
18.73	18.67	1000.00
18.74	18.67	1000.00
18.75	18.67	999.00
18.76	18.67	992.00
18.77	18.67	993.00
18.78	18.67	994.00
18.79	18.67	998.00
18.80	18.67	999.00
18.81	18.67	999.00
18.82	18.67	998.00
18.83	18.67	1000.00
18.84	18.67	1000.00
18.85	18.67	1000.00
18.86	18.67	1000.00
18.87	18.67	1000.00
18.88	18.67	1000.00
18.89	18.67	1000.00
18.90	18.67	1000.00
18.91	18.67	1000.00
18.92	18.67	1000.00
18.93	18.67	1000.00
18.94	18.67	1000.00
18.95	18.67	1000.00
18.55	18.68	740.00
18.56	18.68	998.00
18.57	18.68	1000.00
18.58	18.68	1000.00
18.59	18.68	1000.00
18.60	18.68	1000.00
18.61	18.68	1000.00
18.62	18.68	1000.00
18.63	18.68	1000.00
18.64	18.68	998.00
18.65	18.68	981.00
18.66	18.68	823.00
18.67	18.68	789.00
18.68	18.68	961.00
18.69	18.68	996.00
18.70	18.68	1000.00
18.71	18.68	1000.00
18.72	18.68	1000.00
18.73	18.68	1000.00
18.74	18.68	1000.00
18.75	18.68	1000.00
18.76	18.68	1000.00
18.77	18.68	1000.00
18.78	18.68	995.00
18.79	18.68	993.00
18.80	18.68	992.00
18.81	18.68	997.00
18.82	18.68	999.00
18.83	18.68	998.00
18.84	18.68	998.00
18.85	18.68	1000.00
18.86	18.68	1000.00
18.87	18.68	1000.00
18.88	18.68	1000.00
18.89	18.68	1000.00
18.90	18.68	1000.00
18.91	18.68	1000.00
18.92	18.68	1000.00
18.93	18.68	1000.00
18.94	18.68	1000.00
18.95	18.68	1000.00
18.55	18.69	731.00
18.56	18.69	999.00
18.57	18.69	1000.00
18.58	18.69	1000.00
18.59	18.69	1000.00
18.60	18.69	1000.00
18.61	18.69	1000.00
18.62	18.69	1000.00
18.63	18.69	1000.00
18.64	18.69	1000.00
18.65	18.69	998.00
18.66	18.69	981.00
18.67	18.69	822.00
18.68	18.69	787.00
18.69	18.69	961.00
18.70	18.69	994.00
18.71	18.69	1000.00
18.72	18.69	1000.00
18.73	18.69	1000.00
18.74	18.69	1000.00
18.75	18.69	1000.00
18.76	18.69	1000.00
18.77	18.69	1000.00
18.78	18.69	1000.00
18.79	18.69	1000.00
18.80	18.69	993.00
18.81	18.69	996.00
18.82	18.69	995.00
18.83	18.69	1000.00
18.84	18.69	998.00
18.85	18.69	999.00
18.86	18.69	999.00
18.87	18.69	1000.00
18.88	18.69	1000.00
18.89	18.69	1000.00
18.90	18.69	1000.00
18.91	18.69	1000.00
18.92	18.69	1000.00
18.93	18.69	1000.00
18.94	18.69	1000.00
18.95	18.69	1000.00
18.55	18.70	736.00
18.56	18.70	999.00
18.57	18.70	1000.00
18.58	18.70	1000.00
18.59	18.70	1000.00
18.60	18.70	1000.00
18.61	18.70	1000.00
18.62	18.70	1000.00
18.63	18.70	1000.00
18.64	18.70	1000.00
18.65	18.70	1000.00
18.66	18.70	997.00
18.67	18.70	984.00
18.68	18.70	823.00
18.69	18.70	788.00
18.70	18.70	961.00
18.71	18.70	996.00
18.72	18.70	1000.00
18.73	18.70	1000.00
18.74	18.70	1000.00
18.75	18.70	1000.00
18.76	18.70	1000.00
18.77	18.70	1000.00
18.78	18.70	1000.00
18.79	18.70	1000.00
18.80	18.70	1000.00
18.81	18.70	1000.00
18.82	18.70	994.00
18.83	18.70	996.00
18.84	18.70	999.00
18.85	18.70	998.00
18.86	18.70	1000.00
18.87	18.70	998.00
18.88	18.70	999.00
18.89	18.70	1000.00
18.90	18.70	1000.00
18.91	18.70	1000.00
18.92	18.70	1000.00
18.93	18.70	1000.00
18.94	18.70	1000.00
18.95	18.70	1000.00
18.55	18.71	738.00
18.56	18.71	999.00
18.57	18.71	1000.00
18.58	18.71	1000.00
18.59	18.71	1000.00
18.60	18.71	1000.00
18.61	18.71	1000.00
18.62	18.71	1000.00
18.63	18.71	1000.00
18.64	18.71	1000.00
18.65	18.71	1000.00
18.66	18.71	1000.00
18.67	18.71	998.00
18.68	18.71	983.00
18.69	18.71	826.00
18.70	18.71	785.00
18.71	18.71	961.00
18.72	18.71	995.00
18.73	18.71	1000.00
18.74	18.71	1000.00
18.75	18.71	1000.00
18.76	18.71	1000.00
18.77	18.71	1000.00
18.78	18.71	1000.00
18.79	18.71	1000.00
18.80	18.71	1000.00
18.81	18.71	1000.00
18.82	18.71	1000.00
18.83	18.71	1000.00
18.84	18.71	998.00
18.85	18.71	996.00
18.86	18.71	997.00
18.87	18.71	998.00
18.88	18.71	999.00
18.89	18.71	999.00
18.90	18.71	999.00
18.91	18.71	1000.00
18.92	18.71	1000.00
18.93	18.71	1000.00
18.94	18.71	1000.00
18.95	18.71	1000.00
18.55	18.72	737.00
18.56	18.72	1000.00
18.57	18.72	1000.00
18.58	18.72	1000.00
18.59	18.72	1000.00
18.60	18.72	1000.00
18.61	18.72	1000.00
18.62	18.72	1000.00
18.63	18.72	1000.00
18.64	18.72	1000.00
18.65	18.72	1000.00
18.66	18.72	1000.00
18.67	18.72	1000.00
18.68	18.72	998.00
18.69	18.72	982.00
18.70	18.72	827.00
18.71	18.72	789.00
18.72	18.72	961.00
18.73	18.72	995.00
18.74	18.72	1000.00
18.75	18.72	1000.00
18.76	18.72	1000.00
18.77	18.72	1000.00
18.78	18.72	1000.00
18.79	18.72	1000.00
18.80	18.72	1000.00
18.81	18.72	1000.00
18.82	18.72	1000.00
18.83	18.72	1000.00
18.84	18.72	1000.00
18.85	18.72	1000.00
18.86	18.72	996.00
18.87	18.72	997.00
18.88	18.72	995.00
18.89	18.72	999.00
18.90	18.72	999.00
18.91	18.72	999.00
18.92	18.72	999.00
18.93	18.72	1000.00
18.94	18.72	1000.00
18.95	18.72	1000.00
18.55	18.73	743.00
18.56	18.73	1000.00
18.57	18.73	1000.00
18.58	18.73	1000.00
18.59	18.73	1000.00
18.60	18.73	1000.00
18.61	18.73	1000.00
18.62	18.73	1000.00
18.63	18.73	1000.00
18.64	18.73	1000.00
18.65	18.73	1000.00
18.66	18.73	1000.00
18.67	18.73	1000.00
18.68	18.73	1000.00
18.69	18.73	998.00
18.70	18.73	982.00
18.71	18.73	829.00
18.72	18.73	790.00
18.73	18.73	959.00
18.74	18.73	994.00
18.75	18.73	1000.00
18.76	18.73	1000.00
18.77	18.73	1000.00
18.78	18.73	1000.00
18.79	18.73	1000.00
18.80	18.73	1000.00
18.81	18.73	1000.00
18.82	18.73	1000.00
18.83	18.73	1000.00
18.84	18.73	1000.00
18.85	18.73	1000.00
18.86	18.73	1000.00
18.87	18.73	1000.00
18.88	18.73	1000.00
18.89	18.73	998.00
18.90	18.73	999.00
18.91	18.73	1000.00
18.92	18.73	1000.00
18.93	18.73	999.00
18.94	18.73	1000.00
18.95	18.73	1000.00
18.55	18.74	737.00
18.56	18.74	1000.00
18.57	18.74	1000.00
18.58	18.74	1000.00
18.59	18.74	1000.00
18.60	18.74	1000.00
18.61	18.74	1000.00
18.62	18.74	1000.00
18.63	18.74	1000.00
18.64	18.74	1000.00
18.65	18.74	1000.00
18.66	18.74	1000.00
18.67	18.74	1000.00
18.68	18.74	1000.00
18.69	18.74	1000.00
18.70	18.74	998.00
18.71	18.74	983.00
18.72	18.74	831.00
18.73	18.74	790.00
18.74	18.74	962.00
18.75	18.74	994.00
18.76	18.74	1000.00
18.77	18.74	1000.00
18.78	18.74	1000.00
18.79	18.74	1000.00
18.80	18.74	1000.00
18.81	18.74	1000.00
18.82	18.74	1000.00
18.83	18.74	1000.00
18.84	18.74	1000.00
18.85	18.74	1000.00
18.86	18.74	1000.00
18.87	18.74	1000.00
18.88	18.74	1000.00
18.89	18.74	1000.00
18.90	18.74	999.00
18.91	18.74	998.00
18.92	18.74	999.00
18.93	18.74	1000.00
18.94	18.74	1000.00
18.95	18.74	1000.00
18.55	18.75	735.00
18.56	18.75	1000.00
18.57	18.75	1000.00
18.58	18.75	1000.00
18.59	18.75	1000.00
18.60	18.75	1000.00
18.61	18.75	1000.00
18.62	18.75	1000.00
18.63	18.75	1000.00
18.64	18.75	1000.00
18.65	18.75	1000.00
18.66	18.75	1000.00
18.67	18.75	1000.00
18.68	18.75	1000.00
18.69	18.75	1000.00
18.70	18.75	1000.00
18.71	18.75	998.00
18.72	18.75	981.00
18.73	18.75	827.00
18.74	18.75	789.00
18.75	18.75	961.00
18.76	18.75	995.00
18.77	18.75	1000.00
18.78	18.75	1000.00
18.79	18.75	1000.00
18.80	18.75	1000.00
18.81	18.75	1000.00
18.82	18.75	1000.00
18.83	18.75	1000.00
18.84	18.75	1000.00
18.85	18.75	1000.00
18.86	18.75	1000.00
18.87	18.75	1000.00
18.88	18.75	1000.00
18.89	18.75	1000.00
18.90	18.75	1000.00
18.91	18.75	1000.00
18.92	18.75	1000.00
18.93	18.75	1000.00
18.94	18.75	997.00
18.95	18.75	999.00
18.55	18.76	740.00
18.56	18.76	998.00
18.57	18.76	1000.00
18.58	18.76	1000.00
18.59	18.76	1000.00
18.60	18.76	1000.00
18.61	18.76	1000.00
18.62	18.76	1000.00
18.63	18.76	1000.00
18.64	18.76	1000.00
18.65	18.76	1000.00
18.66	18.76	1000.00
18.67	18.76	1000.00
18.68	18.76	1000.00
18.69	18.76	1000.00
18.70	18.76	1000.00
18.71	18.76	1000.00
18.72	18.76	998.00
18.73	18.76	982.00
18.74	18.76	830.00
18.75	18.76	788.00
18.76	18.76	960.00
18.77	18.76	995.00
18.78	18.76	1000.00
18.79	18.76	1000.00
18.80	18.76	1000.00
18.81	18.76	1000.00
18.82	18.76	1000.00
18.83	18.76	1000.00
18.84	18.76	1000.00
18.85	18.76	1000.00
18.86	18.76	1000.00
18.87	18.76	1000.00
18.88	18.76	1000.00
18.89	18.76	1000.00
18.90	18.76	1000.00
18.91	18.76	1000.00
18.92	18.76	1000.00
18.93	18.76	999.00
18.94	18.76	1000.00
18.95	18.76	1000.00
18.55	18.77	751.00
18.56	18.77	1000.00
18.57	18.77	1000.00
18.58	18.77	1000.00
18.59	18.77	1000.00
18.60	18.77	1000.00
18.61	18.77	1000.00
18.62	18.77	1000.00
18.63	18.77	1000.00
18.64	18.77	1000.00
18.65	18.77	1000.00
18.66	18.77	1000.00
18.67	18.77	1000.00
18.68	18.77	1000.00
18.69	18.77	1000.00
18.70	18.77	1000.00
18.71	18.77	1000.00
18.72	18.77	1000.00
18.73	18.77	998.00
18.74	18.77	981.00
18.75	18.77	825.00
18.76	18.77	787.00
18.77	18.77	956.00
18.78	18.77	994.00
18.79	18.77	1000.00
18.80	18.77	1000.00
18.81	18.77	1000.00
18.82	18.77	1000.00
18.83	18.77	1000.00
18.84	18.77	1000.00
18.85	18.77	1000.00
18.86	18.77	1000.00
18.87	18.77	1000.00
18.88	18.77	1000.00
18.89	18.77	1000.00
18.90	18.77	1000.00
18.91	18.77	1000.00
18.92	18.77	1000.00
18.93	18.77	1000.00
18.94	18.77	1000.00
18.95	18.77	1000.00
18.55	18.78	739.00
18.56	18.78	999.00
18.57	18.78	999.00
18.58	18.78	1000.00
18.59	18.78	1000.00
18.60	18.78	1000.00
18.61	18.78	1000.00
18.62	18.78	1000.00
18.63	18.78	1000.00
18.64	18.78	1000.00
18.65	18.78	1000.00
18.66	18.78	1000.00
18.67	18.78	1000.00
18.68	18.78	1000.00
18.69	18.78	1000.00
18.70	18.78	1000.00
18.71	18.78	1000.00
18.72	18.78	1000.00
18.73	18.78	1000.00
18.74	18.78	998.00
18.75	18.78	981.00
18.76	18.78	822.00
18.77	18.78	786.00
18.78	18.78	957.00
18.79	18.78	995.00
18.80	18.78	1000.00
18.81	18.78	1000.00
18.82	18.78	1000.00
18.83	18.78	1000.00
18.84	18.78	1000.00
18.85	18.78	1000.00
18.86	18.78	1000.00
18.87	18.78	1000.00
18.88	18.78	1000.00
18.89	18.78	1000.00
18.90	18.78	1000.00
18.91	18.78	1000.00
18.92	18.78	1000.00
18.93	18.78	1000.00
18.94	18.78	1000.00
18.95	18.78	1000.00
18.55	18.79	719.00
18.56	18.79	995.00
18.57	18.79	999.00
18.58	18.79	1000.00
18.59	18.79	1000.00
18.60	18.79	1000.00
18.61	18.79	1000.00
18.62	18.79	1000.00
18.63	18.79	1000.00
18.64	18.79	1000.00
18.65	18.79	1000.00
18.66	18.79	1000.00
18.67	18.79	1000.00
18.68	18.79	1000.00
18.69	18.79	1000.00
18.70	18.79	1000.00
18.71	18.79	1000.00
18.72	18.79	1000.00
18.73	18.79	1000.00
18.74	18.79	1000.00
18.75	18.79	997.00
18.76	18.79	978.00
18.77	18.79	818.00
18.78	18.79	778.00
18.79	18.79	955.00
18.80	18.79	992.00
18.81	18.79	999.00
18.82	18.79	1000.00
18.83	18.79	1000.00
18.84	18.79	1000.00
18.85	18.79	999.00
18.86	18.79	1000.00
18.87	18.79	1000.00
18.88	18.79	1000.00
18.89	18.79	1000.00
18.90	18.79	1000.00
18.91	18.79	1000.00
18.92	18.79	1000.00
18.93	18.79	1000.00
18.94	18.79	1000.00
18.95	18.79	1000.00
18.55	18.80	723.00
18.56	18.80	993.00
18.57	18.80	996.00
18.58	18.80	997.00
18.59	18.80	1000.00
18.60	18.80	1000.00
18.61	18.80	1000.00
18.62	18.80	1000.00
18.63	18.80	1000.00
18.64	18.80	1000.00
18.65	18.80	1000.00
18.66	18.80	1000.00
18.67	18.80	1000.00
18.68	18.80	1000.00
18.69	18.80	1000.00
18.70	18.80	1000.00
18.71	18.80	1000.00
18.72	18.80	1000.00
18.73	18.80	1000.00
18.74	18.80	999.00
18.75	18.80	1000.00
18.76	18.80	997.00
18.77	18.80	979.00
18.78	18.80	808.00
18.79	18.80	779.00
18.80	18.80	957.00
18.81	18.80	993.00
18.82	18.80	1000.00
18.83	18.80	1000.00
18.84	18.80	1000.00
18.85	18.80	1000.00
18.86	18.80	1000.00
18.87	18.80	1000.00
18.88	18.80	1000.00
18.89	18.80	1000.00
18.90	18.80	1000.00
18.91	18.80	1000.00
18.92	18.80	1000.00
18.93	18.80	1000.00
18.94	18.80	1000.00
18.95	18.80	1000.00
18.55	18.81	724.00
18.56	18.81	989.00
18.57	18.81	999.00
18.58	18.81	998.00
18.59	18.81	1000.00
18.60	18.81	999.00
18.61	18.81	1000.00
18.62	18.81	1000.00
18.63	18.81	1000.00
18.64	18.81	1000.00
18.65	18.81	1000.00
18.66	18.81	1000.00
18.67	18.81	1000.00
18.68	18.81	1000.00
18.69	18.81	1000.00
18.70	18.81	1000.00
18.71	18.81	1000.00
18.72	18.81	1000.00
18.73	18.81	1000.00
18.74	18.81	1000.00
18.75	18.81	1000.00
18.76	18.81	1000.00
18.77	18.81	998.00
18.78	18.81	981.00
18.79	18.81	820.00
18.80	18.81	776.00
18.81	18.81	954.00
18.82	18.81	993.00
18.83	18.81	1000.00
18.84	18.81	1000.00
18.85	18.81	1000.00
18.86	18.81	1000.00
18.87	18.81	1000.00
18.88	18.81	1000.00
18.89	18.81	1000.00
18.90	18.81	1000.00
18.91	18.81	1000.00
18.92	18.81	1000.00
18.93	18.81	1000.00
18.94	18.81	1000.00
18.95	18.81	1000.00
18.55	18.82	743.00
18.56	18.82	996.00
18.57	18.82	1000.00
18.58	18.82	998.00
18.59	18.82	1000.00
18.60	18.82	999.00
18.61	18.82	999.00
18.62	18.82	998.00
18.63	18.82	1000.00
18.64	18.82	1000.00
18.65	18.82	1000.00
18.66	18.82	1000.00
18.67	18.82	1000.00
18.68	18.82	1000.00
18.69	18.82	1000.00
18.70	18.82	1000.00
18.71	18.82	1000.00
18.72	18.82	1000.00
18.73	18.82	1000.00
18.74	18.82	1000.00
18.75	18.82	1000.00
18.76	18.82	1000.00
18.77	18.82	1000.00
18.78	18.82	998.00
18.79	18.82	979.00
18.80	18.82	824.00
18.81	18.82	786.00
18.82	18.82	954.00
18.83	18.82	994.00
18.84	18.82	1000.00
18.85	18.82	1000.00
18.86	18.82	1000.00
18.87	18.82	1000.00
18.88	18.82	1000.00
18.89	18.82	1000.00
18.90	18.82	1000.00
18.91	18.82	1000.00
18.92	18.82	1000.00
18.93	18.82	1000.00
18.94	18.82	1000.00
18.95	18.82	1000.00
18.55	18.83	739.00
18.56	18.83	995.00
18.57	18.83	1000.00
18.58	18.83	1000.00
18.59	18.83	1000.00
18.60	18.83	998.00
18.61	18.83	1000.00
18.62	18.83	1000.00
18.63	18.83	999.00
18.64	18.83	1000.00
18.65	18.83	1000.00
18.66	18.83	1000.00
18.67	18.83	1000.00
18.68	18.83	1000.00
18.69	18.83	1000.00
18.70	18.83	1000.00
18.71	18.83	1000.00
18.72	18.83	1000.00
18.73	18.83	1000.00
18.74	18.83	1000.00
18.75	18.83	1000.00
18.76	18.83	1000.00
18.77	18.83	1000.00
18.78	18.83	1000.00
18.79	18.83	998.00
18.80	18.83	982.00
18.81	18.83	832.00
18.82	18.83	788.00
18.83	18.83	954.00
18.84	18.83	997.00
18.85	18.83	1000.00
18.86	18.83	1000.00
18.87	18.83	1000.00
18.88	18.83	1000.00
18.89	18.83	1000.00
18.90	18.83	1000.00
18.91	18.83	1000.00
18.92	18.83	1000.00
18.93	18.83	1000.00
18.94	18.83	1000.00
18.95	18.83	1000.00
18.55	18.84	731.00
18.56	18.84	998.00
18.57	18.84	1000.00
18.58	18.84	1000.00
18.59	18.84	1000.00
18.60	18.84	1000.00
18.61	18.84	1000.00
18.62	18.84	998.00
18.63	18.84	1000.00
18.64	18.84	1000.00
18.65	18.84	998.00
18.66	18.84	998.00
18.67	18.84	1000.00
18.68	18.84	1000.00
18.69	18.84	1000.00
18.70	18.84	1000.00
18.71	18.84	1000.00
18.72	18.84	1000.00
18.73	18.84	1000.00
18.74	18.84	1000.00
18.75	18.84	1000.00
18.76	18.84	1000.00
18.77	18.84	1000.00
18.78	18.84	1000.00
18.79	18.84	1000.00
18.80	18.84	998.00
18.81	18.84	982.00
18.82	18.84	832.00
18.83	18.84	792.00
18.84	18.84	961.00
18.85	18.84	997.00
18.86	18.84	1000.00
18.87	18.84	1000.00
18.88	18.84	1000.00
18.89	18.84	1000.00
18.90	18.84	1000.00
18.91	18.84	1000.00
18.92	18.84	1000.00
18.93	18.84	1000.00
18.94	18.84	1000.00
18.95	18.84	1000.00
18.55	18.85	736.00
18.56	18.85	998.00
18.57	18.85	1000.00
18.58	18.85	1000.00
18.59	18.85	1000.00
18.60	18.85	1000.00
18.61	18.85	1000.00
18.62	18.85	1000.00
18.63	18.85	999.00
18.64	18.85	997.00
18.65	18.85	998.00
18.66	18.85	999.00
18.67	18.85	998.00
18.68	18.85	1000.00
18.69	18.85	1000.00
18.70	18.85	1000.00
18.71	18.85	1000.00
18.72	18.85	1000.00
18.73	18.85	1000.00
18.74	18.85	1000.00
18.75	18.85	1000.00
18.76	18.85	1000.00
18.77	18.85	1000.00
18.78	18.85	1000.00
18.79	18.85	1000.00
18.80	18.85	1000.00
18.81	18.85	998.00
18.82	18.85	983.00
18.83	18.85	833.00
18.84	18.85	793.00
18.85	18.85	962.00
18.86	18.85	997.00
18.87	18.85	1000.00
18.88	18.85	1000.00
18.89	18.85	1000.00
18.90	18.85	1000.00
18.91	18.85	1000.00
18.92	18.85	1000.00
18.93	18.85	1000.00
18.94	18.85	1000.00
18.95	18.85	1000.00
18.55	18.86	724.00
18.56	18.86	1000.00
18.57	18.86	1000.00
18.58	18.86	1000.00
18.59	18.86	1000.00
18.60	18.86	1000.00
18.61	18.86	1000.00
18.62	18.86	1000.00
18.63	18.86	1000.00
18.64	18.86	1000.00
18.65	18.86	999.00
18.66	18.86	998.00
18.67	18.86	998.00
18.68	18.86	997.00
18.69	18.86	996.00
18.70	18.86	998.00
18.71	18.86	1000.00
18.72	18.86	1000.00
18.73	18.86	1000.00
18.74	18.86	1000.00
18.75	18.86	1000.00
18.76	18.86	1000.00
18.77	18.86	1000.00
18.78	18.86	1000.00
18.79	18.86	1000.00
18.80	18.86	1000.00
18.81	18.86	1000.00
18.82	18.86	998.00
18.83	18.86	985.00
18.84	18.86	833.00
18.85	18.86	797.00
18.86	18.86	962.00
18.87	18.86	997.00
18.88	18.86	1000.00
18.89	18.86	1000.00
18.90	18.86	1000.00
18.91	18.86	1000.00
18.92	18.86	1000.00
18.93	18.86	1000.00
18.94	18.86	1000.00
18.95	18.86	1000.00
18.55	18.87	737.00
18.56	18.87	999.00
18.57	18.87	1000.00
18.58	18.87	1000.00
18.59	18.87	1000.00
18.60	18.87	1000.00
18.61	18.87	1000.00
18.62	18.87	1000.00
18.63	18.87	1000.00
18.64	18.87	1000.00
18.65	18.87	1000.00
18.66	18.87	1000.00
18.67	18.87	1000.00
18.68	18.87	994.00
18.69	18.87	998.00
18.70	18.87	998.00
18.71	18.87	997.00
18.72	18.87	997.00
18.73	18.87	999.00
18.74	18.87	1000.00
18.75	18.87	1000.00
18.76	18.87	1000.00
18.77	18.87	1000.00
18.78	18.87	1000.00
18.79	18.87	1000.00
18.80	18.87	1000.00
18.81	18.87	1000.00
18.82	18.87	1000.00
18.83	18.87	998.00
18.84	18.87	985.00
18.85	18.87	834.00
18.86	18.87	793.00
18.87	18.87	961.00
18.88	18.87	996.00
18.89	18.87	1000.00
18.90	18.87	1000.00
18.91	18.87	1000.00
18.92	18.87	1000.00
18.93	18.87	1000.00
18.94	18.87	1000.00
18.95	18.87	1000.00
18.55	18.88	738.00
18.56	18.88	999.00
18.57	18.88	1000.00
18.58	18.88	1000.00
18.59	18.88	1000.00
18.60	18.88	1000.00
18.61	18.88	1000.00
18.62	18.88	1000.00
18.63	18.88	1000.00
18.64	18.88	1000.00
18.65	18.88	1000.00
18.66	18.88	1000.00
18.67	18.88	1000.00
18.68	18.88	1000.00
18.69	18.88	998.00
18.70	18.88	993.00
18.71	18.88	998.00
18.72	18.88	998.00
18.73	18.88	997.00
18.74	18.88	998.00
18.75	18.88	1000.00
18.76	18.88	1000.00
18.77	18.88	1000.00
18.78	18.88	1000.00
18.79	18.88	1000.00
18.80	18.88	1000.00
18.81	18.88	1000.00
18.82	18.88	1000.00
18.83	18.88	1000.00
18.84	18.88	998.00
18.85	18.88	985.00
18.86	18.88	832.00
18.87	18.88	796.00
18.88	18.88	961.00
18.89	18.88	996.00
18.90	18.88	1000.00
18.91	18.88	1000.00
18.92	18.88	1000.00
18.93	18.88	1000.00
18.94	18.88	1000.00
18.95	18.88	1000.00
18.55	18.89	734.00
18.56	18.89	998.00
18.57	18.89	1000.00
18.58	18.89	1000.00
18.59	18.89	1000.00
18.60	18.89	1000.00
18.61	18.89	1000.00
18.62	18.89	1000.00
18.63	18.89	1000.00
18.64	18.89	1000.00
18.65	18.89	1000.00
18.66	18.89	1000.00
18.67	18.89	1000.00
18.68	18.89	1000.00
18.69	18.89	1000.00
18.70	18.89	999.00
18.71	18.89	997.00
18.72	18.89	995.00
18.73	18.89	999.00
18.74	18.89	998.00
18.75	18.89	995.00
18.76	18.89	998.00
18.77	18.89	1000.00
18.78	18.89	1000.00
18.79	18.89	1000.00
18.80	18.89	1000.00
18.81	18.89	1000.00
18.82	18.89	1000.00
18.83	18.89	1000.00
18.84	18.89	1000.00
18.85	18.89	998.00
18.86	18.89	983.00
18.87	18.89	830.00
18.88	18.89	796.00
18.89	18.89	963.00
18.90	18.89	995.00
18.91	18.89	1000.00
18.92	18.89	1000.00
18.93	18.89	1000.00
18.94	18.89	1000.00
18.95	18.89	1000.00
18.55	18.90	733.00
18.56	18.90	999.00
18.57	18.90	1000.00
18.58	18.90	1000.00
18.59	18.90	1000.00
18.60	18.90	1000.00
18.61	18.90	1000.00
18.62	18.90	1000.00
18.63	18.90	1000.00
18.64	18.90	1000.00
18.65	18.90	1000.00
18.66	18.90	1000.00
18.67	18.90	1000.00
18.68	18.90	1000.00
18.69	18.90	1000.00
18.70	18.90	1000.00
18.71	18.90	1000.00
18.72	18.90	1000.00
18.73	18.90	997.00
18.74	18.90	995.00
18.75	18.90	996.00
18.76	18.90	999.00
18.77	18.90	994.00
18.78	18.90	997.00
18.79	18.90	1000.00
18.80	18.90	1000.00
18.81	18.90	1000.00
18.82	18.90	1000.00
18.83	18.90	1000.00
18.84	18.90	1000.00
18.85	18.90	1000.00
18.86	18.90	998.00
18.87	18.90	985.00
18.88	18.90	834.00
18.89	18.90	796.00
18.90	18.90	963.00
18.91	18.90	996.00
18.92	18.90	1000.00
18.93	18.90	1000.00
18.94	18.90	1000.00
18.95	18.90	1000.00
18.55	18.91	732.00
18.56	18.91	999.00
18.57	18.91	1000.00
18.58	18.91	1000.00
18.59	18.91	1000.00
18.60	18.91	1000.00
18.61	18.91	1000.00
18.62	18.91	1000.00
18.63	18.91	1000.00
18.64	18.91	1000.00
18.65	18.91	1000.00
18.66	18.91	1000.00
18.67	18.91	1000.00
18.68	18.91	1000.00
18.69	18.91	1000.00
18.70	18.91	1000.00
18.71	18.91	1000.00
18.72	18.91	1000.00
18.73	18.91	1000.00
18.74	18.91	1000.00
18.75	18.91	998.00
18.76	18.91	992.00
18.77	18.91	998.00
18.78	18.91	997.00
18.79	18.91	993.00
18.80	18.91	997.00
18.81	18.91	1000.00
18.82	18.91	999.00
18.83	18.91	1000.00
18.84	18.91	1000.00
18.85	18.91	1000.00
18.86	18.91	1000.00
18.87	18.91	998.00
18.88	18.91	983.00
18.89	18.91	832.00
18.90	18.91	796.00
18.91	18.91	964.00
18.92	18.91	995.00
18.93	18.91	1000.00
18.94	18.91	1000.00
18.95	18.91	1000.00
18.55	18.92	736.00
18.56	18.92	999.00
18.57	18.92	1000.00
18.58	18.92	1000.00
18.59	18.92	1000.00
18.60	18.92	1000.00
18.61	18.92	1000.00
18.62	18.92	1000.00
18.63	18.92	1000.00
18.64	18.92	1000.00
18.65	18.92	1000.00
18.66	18.92	1000.00
18.67	18.92	1000.00
18.68	18.92	1000.00
18.69	18.92	1000.00
18.70	18.92	1000.00
18.71	18.92	1000.00
18.72	18.92	1000.00
18.73	18.92	1000.00
18.74	18.92	1000.00
18.75	18.92	1000.00
18.76	18.92	1000.00
18.77	18.92	997.00
18.78	18.92	993.00
18.79	18.92	999.00
18.80	18.92	994.00
18.81	18.92	990.00
18.82	18.92	993.00
18.83	18.92	997.00
18.84	18.92	1000.00
18.85	18.92	1000.00
18.86	18.92	1000.00
18.87	18.92	1000.00
18.88	18.92	998.00
18.89	18.92	985.00
18.90	18.92	831.00
18.91	18.92	798.00
18.92	18.92	966.00
18.93	18.92	995.00
18.94	18.92	1000.00
18.95	18.92	1000.00
18.55	18.93	735.00
18.56	18.93	997.00
18.57	18.93	1000.00
18.58	18.93	1000.00
18.59	18.93	1000.00
18.60	18.93	1000.00
18.61	18.93	1000.00
18.62	18.93	1000.00
18.63	18.93	1000.00
18.64	18.93	1000.00
18.65	18.93	1000.00
18.66	18.93	1000.00
18.67	18.93	1000.00
18.68	18.93	1000.00
18.69	18.93	1000.00
18.70	18.93	1000.00
18.71	18.93	1000.00
18.72	18.93	1000.00
18.73	18.93	1000.00
18.74	18.93	1000.00
18.75	18.93	1000.00
18.76	18.93	1000.00
18.77	18.93	1000.00
18.78	18.93	1000.00
18.79	18.93	998.00
18.80	18.93	993.00
18.81	18.93	998.00
18.82	18.93	990.00
18.83	18.93	988.00
18.84	18.93	989.00
18.85	18.93	994.00
18.86	18.93	999.00
18.87	18.93	1000.00
18.88	18.93	1000.00
18.89	18.93	999.00
18.90	18.93	984.00
18.91	18.93	829.00
18.92	18.93	800.00
18.93	18.93	967.00
18.94	18.93	995.00
18.95	18.93	1000.00
18.55	18.94	744.00
18.56	18.94	997.00
18.57	18.94	1000.00
18.58	18.94	1000.00
18.59	18.94	1000.00
18.60	18.94	1000.00
18.61	18.94	1000.00
18.62	18.94	1000.00
18.63	18.94	1000.00
18.64	18.94	1000.00
18.65	18.94	1000.00
18.66	18.94	1000.00
18.67	18.94	1000.00
18.68	18.94	1000.00
18.69	18.94	1000.00
18.70	18.94	1000.00
18.71	18.94	1000.00
18.72	18.94	1000.00
18.73	18.94	1000.00
18.74	18.94	1000.00
18.75	18.94	1000.00
18.76	18.94	1000.00
18.77	18.94	1000.00
18.78	18.94	1000.00
18.79	18.94	1000.00
18.80	18.94	1000.00
18.81	18.94	994.00
18.82	18.94	989.00
18.83	18.94	996.00
18.84	18.94	983.00
18.85	18.94	982.00
18.86	18.94	987.00
18.87	18.94	990.00
18.88	18.94	999.00
18.89	18.94	1000.00
18.90	18.94	999.00
18.91	18.94	985.00
18.92	18.94	832.00
18.93	18.94	796.00
18.94	18.94	968.00
18.95	18.94	996.00
18.55	18.95	727.00
18.56	18.95	1000.00
18.57	18.95	1000.00
18.58	18.95	1000.00
18.59	18.95	1000.00
18.60	18.95	1000.00
18.61	18.95	1000.00
18.62	18.95	1000.00
18.63	18.95	1000.00
18.64	18.95	1000.00
18.65	18.95	1000.00
18.66	18.95	1000.00
18.67	18.95	1000.00
18.68	18.95	1000.00
18.69	18.95	1000.00
18.70	18.95	1000.00
18.71	18.95	1000.00
18.72	18.95	1000.00
18.73	18.95	1000.00
18.74	18.95	1000.00
18.75	18.95	1000.00
18.76	18.95	1000.00
18.77	18.95	1000.00
18.78	18.95	1000.00
18.79	18.95	1000.00
18.80	18.95	1000.00
18.81	18.95	1000.00
18.82	18.95	997.00
18.83	18.95	997.00
18.84	18.95	985.00
18.85	18.95	993.00
18.86	18.95	977.00
18.87	18.95	972.00
18.88	18.95	982.00
18.89	18.95	990.00
18.90	18.95	998.00
18.91	18.95	998.00
18.92	18.95	983.00
18.93	18.95	831.00
18.94	18.95	793.00
18.95	18.95	961.00
18.55	18.96	745.00
18.56	18.96	998.00
18.57	18.96	1000.00
18.58	18.96	1000.00
18.59	18.96	1000.00
18.60	18.96	1000.00
18.61	18.96	1000.00
18.62	18.96	1000.00
18.63	18.96	1000.00
18.64	18.96	1000.00
18.65	18.96	1000.00
18.66	18.96	1000.00
18.67	18.96	1000.00
18.68	18.96	1000.00
18.69	18.96	1000.00
18.70	18.96	1000.00
18.71	18.96	1000.00
18.72	18.96	1000.00
18.73	18.96	1000.00
18.74	18.96	1000.00
18.75	18.96	1000.00
18.76	18.96	1000.00
18.77	18.96	1000.00
18.78	18.96	1000.00
18.79	18.96	1000.00
18.80	18.96	1000.00
18.81	18.96	1000.00
18.82	18.96	1000.00
18.83	18.96	1000.00
18.84	18.96	999.00
18.85	18.96	997.00
18.86	18.96	983.00
18.87	18.96	990.00
18.88	18.96	965.00
18.89	18.96	962.00
18.90	18.96	964.00
18.91	18.96	980.00
18.92	18.96	990.00
18.93	18.96	976.00
18.94	18.96	825.00
18.95	18.96	786.00
