ERROR_SET	QXsoll	QYsoll	Q1	Q2	PARTICLES_LEFT
1	55	55	18.5524052	18.5476188	810
1	55	56	18.55000052	18.55999949	990
1	55	57	18.54999997	18.57000003	1000
1	55	58	18.55000091	18.57999965	1000
1	55	59	18.55000032	18.59000006	1000
1	55	60	18.55000012	18.60000014	1000
1	55	61	18.55000004	18.61000015	1000
1	55	62	18.55	18.62000014	1000
1	55	63	18.54999998	18.63000012	1000
1	55	64	18.54999998	18.64000011	1000
1	55	65	18.54999997	18.65000009	996
1	55	66	18.54999998	18.66000008	987
1	55	67	18.54999998	18.67000007	998
1	55	68	18.54999999	18.68000006	996
1	55	69	18.54999999	18.69000005	998
1	55	70	18.55	18.70000004	999
1	55	71	18.55000001	18.71000004	984
1	55	72	18.55000001	18.72000003	1000
1	55	73	18.55000002	18.73000003	1000
1	55	74	18.55000003	18.74000002	992
1	55	75	18.55000003	18.75000002	999
1	55	76	18.55000004	18.76000001	999
1	55	77	18.55000005	18.77000001	999
1	55	78	18.55000005	18.78	997
1	55	79	18.55000006	18.79	1000
1	55	80	18.55000007	18.79999999	1000
1	55	81	18.55000007	18.80999999	1000
1	55	82	18.55000008	18.81999999	1000
1	55	83	18.55000009	18.82999998	1000
1	55	84	18.55000009	18.83999998	996
1	55	85	18.5500001	18.84999997	998
1	55	86	18.5500001	18.85999997	998
1	55	87	18.55000011	18.86999996	997
1	55	88	18.55000011	18.87999995	999
1	55	89	18.55000011	18.88999993	1000
1	55	90	18.55000012	18.89999991	991
1	55	91	18.55000012	18.90999988	999
1	55	92	18.55000012	18.91999981	995
1	55	93	18.55000013	18.92999968	973
1	55	94	18.55000013	18.93999941	981
1	55	95	18.55	18.95	909
1	56	55	18.56000004	18.54999996	995
1	56	56	18.56241062	18.55760415	826
1	56	57	18.56000052	18.56999948	992
1	56	58	18.55999997	18.58000003	1000
1	56	59	18.56	18.59	1000
1	56	60	18.56000037	18.59999993	1000
1	56	61	18.56000017	18.61000006	1000
1	56	62	18.56000008	18.62000009	1000
1	56	63	18.56000004	18.63000009	1000
1	56	64	18.56000002	18.64000009	1000
1	56	65	18.56000001	18.65000008	998
1	56	66	18.56	18.66000007	978
1	56	67	18.56	18.67000006	998
1	56	68	18.56	18.68000006	996
1	56	69	18.56	18.69000005	999
1	56	70	18.56	18.70000004	999
1	56	71	18.56000001	18.71000003	997
1	56	72	18.56000001	18.72000003	940
1	56	73	18.56000001	18.73000002	998
1	56	74	18.56000002	18.74000002	1000
1	56	75	18.56000002	18.75000001	1000
1	56	76	18.56000003	18.76000001	1000
1	56	77	18.56000003	18.77000001	998
1	56	78	18.56000004	18.78	989
1	56	79	18.56000004	18.79	1000
1	56	80	18.56000004	18.79999999	1000
1	56	81	18.56000005	18.80999999	1000
1	56	82	18.56000005	18.81999999	999
1	56	83	18.56000006	18.82999998	996
1	56	84	18.56000006	18.83999998	990
1	56	85	18.56000006	18.84999997	995
1	56	86	18.56000007	18.85999997	998
1	56	87	18.56000007	18.86999996	999
1	56	88	18.56000007	18.87999995	995
1	56	89	18.56000007	18.88999994	999
1	56	90	18.56000008	18.89999991	998
1	56	91	18.56000008	18.90999988	994
1	56	92	18.56000008	18.91999981	997
1	56	93	18.56000009	18.92999968	996
1	56	94	18.56000009	18.9399994	978
1	56	95	18.56	18.95	943
1	57	55	18.57	18.55	1000
1	57	56	18.57000003	18.55999997	996
1	57	57	18.57241554	18.56759422	831
1	57	58	18.57000053	18.57999948	995
1	57	59	18.56999997	18.59000003	1000
1	57	60	18.57	18.6	1000
1	57	61	18.5700004	18.60999984	1000
1	57	62	18.57000019	18.62	1000
1	57	63	18.5700001	18.63000005	1000
1	57	64	18.57000006	18.64000006	1000
1	57	65	18.57000003	18.65000006	1000
1	57	66	18.57000002	18.66000006	988
1	57	67	18.57000001	18.67000006	997
1	57	68	18.57000001	18.68000005	996
1	57	69	18.57000001	18.69000004	997
1	57	70	18.57000001	18.70000004	984
1	57	71	18.57000001	18.71000003	1000
1	57	72	18.57000001	18.72000003	1000
1	57	73	18.57000001	18.73000002	991
1	57	74	18.57000002	18.74000002	999
1	57	75	18.57000002	18.75000001	999
1	57	76	18.57000002	18.76000001	1000
1	57	77	18.57000002	18.77000001	1000
1	57	78	18.57000003	18.78	999
1	57	79	18.57000003	18.79	998
1	57	80	18.57000003	18.79999999	996
1	57	81	18.57000003	18.80999999	991
1	57	82	18.57000004	18.81999999	999
1	57	83	18.57000004	18.82999998	996
1	57	84	18.57000004	18.83999998	1000
1	57	85	18.57000005	18.84999997	999
1	57	86	18.57000005	18.85999997	913
1	57	87	18.57000005	18.86999996	999
1	57	88	18.57000005	18.87999995	1000
1	57	89	18.57000005	18.88999994	995
1	57	90	18.57000006	18.89999991	999
1	57	91	18.57000006	18.90999988	995
1	57	92	18.57000006	18.91999981	999
1	57	93	18.57000007	18.92999968	998
1	57	94	18.57000007	18.93999939	992
1	57	95	18.57	18.95	955
1	58	55	18.58	18.55000001	1000
1	58	56	18.58000098	18.56000019	1000
1	58	57	18.58000065	18.56999934	997
1	58	58	18.58241964	18.57758717	835
1	58	59	18.58000053	18.58999947	994
1	58	60	18.57999996	18.60000003	1000
1	58	61	18.58	18.61	1000
1	58	62	18.58000041	18.61999978	1000
1	58	63	18.5800002	18.62999995	1000
1	58	64	18.58000011	18.64000001	1000
1	58	65	18.58000007	18.65000004	999
1	58	66	18.58000004	18.66000004	988
1	58	67	18.58000003	18.67000004	997
1	58	68	18.58000002	18.68000004	992
1	58	69	18.58000002	18.69000004	999
1	58	70	18.58000001	18.70000003	996
1	58	71	18.58000001	18.71000003	936
1	58	72	18.58000001	18.72000003	997
1	58	73	18.58000001	18.73000002	1000
1	58	74	18.58000001	18.74000002	999
1	58	75	18.58000002	18.75000001	1000
1	58	76	18.58000002	18.76000001	1000
1	58	77	18.58000002	18.77000001	1000
1	58	78	18.58000002	18.78	986
1	58	79	18.58000002	18.79	976
1	58	80	18.58000003	18.79999999	988
1	58	81	18.58000003	18.80999999	990
1	58	82	18.58000003	18.81999999	1000
1	58	83	18.58000003	18.82999998	999
1	58	84	18.58000003	18.83999998	995
1	58	85	18.58000004	18.84999997	999
1	58	86	18.58000004	18.85999997	1000
1	58	87	18.58000004	18.86999996	958
1	58	88	18.58000004	18.87999995	1000
1	58	89	18.58000004	18.88999994	999
1	58	90	18.58000005	18.89999992	1000
1	58	91	18.58000005	18.90999988	1000
1	58	92	18.58000005	18.91999981	999
1	58	93	18.58000005	18.92999968	1000
1	58	94	18.58000006	18.93999938	996
1	58	95	18.58	18.95	951
1	59	55	18.59	18.55	1000
1	59	56	18.59	18.56	1000
1	59	57	18.59000063	18.57000012	1000
1	59	58	18.59000059	18.5799994	992
1	59	59	18.59242289	18.58758195	829
1	59	60	18.59000053	18.59999947	994
1	59	61	18.58999996	18.61000003	999
1	59	62	18.59	18.62	1000
1	59	63	18.59000042	18.62999974	1000
1	59	64	18.59000021	18.63999992	1000
1	59	65	18.59000012	18.64999999	998
1	59	66	18.59000007	18.66000002	987
1	59	67	18.59000005	18.67000003	997
1	59	68	18.59000003	18.68000003	991
1	59	69	18.59000002	18.69000003	982
1	59	70	18.59000002	18.70000003	1000
1	59	71	18.59000002	18.71000003	1000
1	59	72	18.59000002	18.72000002	992
1	59	73	18.59000001	18.73000002	999
1	59	74	18.59000001	18.74000002	999
1	59	75	18.59000002	18.75000001	1000
1	59	76	18.59000002	18.76000001	1000
1	59	77	18.59000002	18.77	999
1	59	78	18.59000002	18.78	992
1	59	79	18.59000002	18.79	944
1	59	80	18.59000002	18.79999999	989
1	59	81	18.59000002	18.80999999	999
1	59	82	18.59000003	18.81999999	986
1	59	83	18.59000003	18.82999998	999
1	59	84	18.59000003	18.83999998	1000
1	59	85	18.59000003	18.84999997	992
1	59	86	18.59000003	18.85999997	999
1	59	87	18.59000003	18.86999996	999
1	59	88	18.59000004	18.87999995	1000
1	59	89	18.59000004	18.88999994	999
1	59	90	18.59000004	18.89999992	1000
1	59	91	18.59000004	18.90999988	1000
1	59	92	18.59000004	18.91999981	999
1	59	93	18.59000005	18.92999967	999
1	59	94	18.59000006	18.93999938	994
1	59	95	18.59	18.95	948
1	60	55	18.6	18.55	1000
1	60	56	18.6	18.56	1000
1	60	57	18.60000006	18.5700007	1000
1	60	58	18.60000041	18.5800001	1000
1	60	59	18.60000056	18.58999944	995
1	60	60	18.60242548	18.59757804	832
1	60	61	18.60000053	18.60999947	992
1	60	62	18.59999996	18.62000004	1000
1	60	63	18.6	18.63	1000
1	60	64	18.60000042	18.63999971	1000
1	60	65	18.60000021	18.6499999	999
1	60	66	18.60000012	18.65999997	985
1	60	67	18.60000007	18.67	994
1	60	68	18.60000005	18.68000001	998
1	60	69	18.60000003	18.69000002	997
1	60	70	18.60000003	18.70000002	939
1	60	71	18.60000002	18.71000002	998
1	60	72	18.60000002	18.72000002	1000
1	60	73	18.60000002	18.73000002	1000
1	60	74	18.60000002	18.74000001	1000
1	60	75	18.60000002	18.75000001	999
1	60	76	18.60000002	18.76000001	1000
1	60	77	18.60000002	18.77	997
1	60	78	18.60000002	18.78	995
1	60	79	18.60000002	18.79	996
1	60	80	18.60000002	18.79999999	762
1	60	81	18.60000002	18.80999999	997
1	60	82	18.60000002	18.81999999	995
1	60	83	18.60000002	18.82999998	993
1	60	84	18.60000003	18.83999998	998
1	60	85	18.60000003	18.84999998	1000
1	60	86	18.60000003	18.85999997	999
1	60	87	18.60000003	18.86999996	1000
1	60	88	18.60000003	18.87999995	1000
1	60	89	18.60000003	18.88999994	1000
1	60	90	18.60000003	18.89999992	998
1	60	91	18.60000004	18.90999988	999
1	60	92	18.60000004	18.91999981	1000
1	60	93	18.60000004	18.92999967	1000
1	60	94	18.60000005	18.93999937	996
1	60	95	18.6	18.95	953
1	61	55	18.61	18.55	1000
1	61	56	18.61	18.56	1000
1	61	57	18.61	18.57000075	1000
1	61	58	18.60999999	18.58000052	1000
1	61	59	18.61000026	18.59000009	1000
1	61	60	18.61000054	18.59999946	997
1	61	61	18.61242754	18.60757511	828
1	61	62	18.61000053	18.61999947	994
1	61	63	18.60999996	18.63000004	1000
1	61	64	18.61	18.64	999
1	61	65	18.61000042	18.64999968	997
1	61	66	18.61000021	18.65999988	986
1	61	67	18.61000012	18.66999995	995
1	61	68	18.61000007	18.67999999	970
1	61	69	18.61000005	18.69	1000
1	61	70	18.61000004	18.70000001	1000
1	61	71	18.61000003	18.71000001	992
1	61	72	18.61000002	18.72000001	997
1	61	73	18.61000002	18.73000001	998
1	61	74	18.61000002	18.74000001	997
1	61	75	18.61000002	18.75000001	993
1	61	76	18.61000002	18.76000001	1000
1	61	77	18.61000002	18.77	1000
1	61	78	18.61000002	18.78	984
1	61	79	18.61000002	18.79	999
1	61	80	18.61000002	18.79999999	983
1	61	81	18.61000002	18.80999999	914
1	61	82	18.61000002	18.81999999	989
1	61	83	18.61000002	18.82999998	998
1	61	84	18.61000002	18.83999998	999
1	61	85	18.61000002	18.84999998	1000
1	61	86	18.61000003	18.85999997	1000
1	61	87	18.61000003	18.86999996	1000
1	61	88	18.61000003	18.87999995	1000
1	61	89	18.61000003	18.88999994	1000
1	61	90	18.61000003	18.89999992	1000
1	61	91	18.61000003	18.90999988	1000
1	61	92	18.61000004	18.91999981	1000
1	61	93	18.61000004	18.92999967	1000
1	61	94	18.61000005	18.93999936	994
1	61	95	18.61	18.95	955
1	62	55	18.62	18.55	1000
1	62	56	18.62	18.56	1000
1	62	57	18.61999999	18.57000073	1000
1	62	58	18.61999997	18.58000053	1000
1	62	59	18.61999995	18.59000041	1000
1	62	60	18.62000017	18.60000008	1000
1	62	61	18.62000053	18.60999947	994
1	62	62	18.61757285	18.62242911	836
1	62	63	18.62000054	18.62999947	995
1	62	64	18.61999996	18.64000004	1000
1	62	65	18.62	18.65	997
1	62	66	18.62000042	18.65999967	983
1	62	67	18.62000021	18.66999986	997
1	62	68	18.62000012	18.67999994	992
1	62	69	18.62000007	18.68999998	935
1	62	70	18.62000005	18.7	993
1	62	71	18.62000004	18.71	997
1	62	72	18.62000003	18.72000001	994
1	62	73	18.62000002	18.73000001	996
1	62	74	18.62000002	18.74000001	997
1	62	75	18.62000002	18.75000001	999
1	62	76	18.62000002	18.76	989
1	62	77	18.62000002	18.77	999
1	62	78	18.62000002	18.78	999
1	62	79	18.62000002	18.79	990
1	62	80	18.62000002	18.79999999	972
1	62	81	18.62000002	18.80999999	981
1	62	82	18.62000002	18.81999999	996
1	62	83	18.62000002	18.82999998	1000
1	62	84	18.62000002	18.83999998	1000
1	62	85	18.62000002	18.84999998	1000
1	62	86	18.62000002	18.85999997	999
1	62	87	18.62000002	18.86999996	1000
1	62	88	18.62000003	18.87999996	1000
1	62	89	18.62000003	18.88999994	1000
1	62	90	18.62000003	18.89999992	1000
1	62	91	18.62000003	18.90999988	1000
1	62	92	18.62000003	18.91999981	1000
1	62	93	18.62000004	18.92999967	999
1	62	94	18.62000005	18.93999935	995
1	62	95	18.62	18.95	954
1	63	55	18.63	18.55	999
1	63	56	18.62999999	18.56000099	1000
1	63	57	18.62999999	18.5700007	1000
1	63	58	18.62999997	18.58000051	1000
1	63	59	18.62999995	18.5900004	1000
1	63	60	18.62999992	18.60000034	1000
1	63	61	18.63000011	18.61000007	1000
1	63	62	18.63000052	18.61999948	999
1	63	63	18.6324303	18.62757114	836
1	63	64	18.63000054	18.63999946	994
1	63	65	18.62999996	18.65000004	994
1	63	66	18.63	18.66	980
1	63	67	18.63000042	18.66999966	964
1	63	68	18.63000021	18.67999985	988
1	63	69	18.63000012	18.68999993	993
1	63	70	18.63000007	18.69999997	984
1	63	71	18.63000005	18.70999999	984
1	63	72	18.63000004	18.72	998
1	63	73	18.63000003	18.73	1000
1	63	74	18.63000002	18.74	983
1	63	75	18.63000002	18.75	999
1	63	76	18.63000002	18.76	999
1	63	77	18.63000002	18.77	989
1	63	78	18.63000002	18.78	999
1	63	79	18.63000002	18.79	988
1	63	80	18.63000002	18.79999999	998
1	63	81	18.63000002	18.80999999	998
1	63	82	18.63000002	18.81999999	999
1	63	83	18.63000002	18.82999998	1000
1	63	84	18.63000002	18.83999998	1000
1	63	85	18.63000002	18.84999998	1000
1	63	86	18.63000002	18.85999997	1000
1	63	87	18.63000002	18.86999997	999
1	63	88	18.63000002	18.87999996	1000
1	63	89	18.63000003	18.88999994	1000
1	63	90	18.63000003	18.89999992	1000
1	63	91	18.63000003	18.90999988	1000
1	63	92	18.63000003	18.91999981	1000
1	63	93	18.63000004	18.92999966	999
1	63	94	18.63000005	18.93999935	996
1	63	95	18.63	18.95	953
1	64	55	18.64	18.55	999
1	64	56	18.63999999	18.56000092	1000
1	64	57	18.63999998	18.57000066	1000
1	64	58	18.63999998	18.58000049	1000
1	64	59	18.63999997	18.59000037	1000
1	64	60	18.63999994	18.60000031	1000
1	64	61	18.6399999	18.61000029	1000
1	64	62	18.64000008	18.62000005	1000
1	64	63	18.64000052	18.62999948	998
1	64	64	18.64243119	18.63756986	836
1	64	65	18.64000054	18.64999946	971
1	64	66	18.63999996	18.66000004	964
1	64	67	18.64	18.67	980
1	64	68	18.64000041	18.67999965	887
1	64	69	18.6400002	18.68999985	962
1	64	70	18.64000012	18.69999993	999
1	64	71	18.64000007	18.70999996	1000
1	64	72	18.64000005	18.71999998	985
1	64	73	18.64000004	18.72999999	999
1	64	74	18.64000003	18.74	1000
1	64	75	18.64000002	18.75	993
1	64	76	18.64000002	18.76	1000
1	64	77	18.64000002	18.77	999
1	64	78	18.64000002	18.78	1000
1	64	79	18.64000002	18.78999999	1000
1	64	80	18.64000002	18.79999999	1000
1	64	81	18.64000002	18.80999999	995
1	64	82	18.64000002	18.81999999	992
1	64	83	18.64000002	18.82999998	1000
1	64	84	18.64000002	18.83999998	1000
1	64	85	18.64000002	18.84999998	1000
1	64	86	18.64000002	18.85999997	1000
1	64	87	18.64000002	18.86999997	1000
1	64	88	18.64000002	18.87999996	1000
1	64	89	18.64000002	18.88999994	1000
1	64	90	18.64000003	18.89999992	1000
1	64	91	18.64000003	18.90999988	1000
1	64	92	18.64000003	18.91999981	999
1	64	93	18.64000004	18.92999966	1000
1	64	94	18.64000005	18.93999934	997
1	64	95	18.64	18.95	954
1	65	55	18.65	18.55	998
1	65	56	18.64999999	18.56000085	1000
1	65	57	18.64999998	18.57000062	1000
1	65	58	18.64999998	18.58000046	1000
1	65	59	18.64999997	18.59000035	1000
1	65	60	18.64999996	18.60000028	1000
1	65	61	18.64999993	18.61000025	1000
1	65	62	18.64999989	18.62000025	1000
1	65	63	18.65000007	18.63000003	1000
1	65	64	18.65000053	18.63999947	985
1	65	65	18.6480981	18.65296107	763
1	65	66	18.65000054	18.65999946	837
1	65	67	18.64999996	18.67000004	913
1	65	68	18.65	18.68	984
1	65	69	18.65000041	18.68999964	987
1	65	70	18.6500002	18.69999984	947
1	65	71	18.65000012	18.70999992	1000
1	65	72	18.65000007	18.71999996	999
1	65	73	18.65000005	18.72999998	991
1	65	74	18.65000004	18.73999999	998
1	65	75	18.65000003	18.74999999	1000
1	65	76	18.65000002	18.75999999	997
1	65	77	18.65000002	18.76999999	1000
1	65	78	18.65000002	18.77999999	1000
1	65	79	18.65000002	18.78999999	999
1	65	80	18.65000002	18.79999999	1000
1	65	81	18.65000002	18.80999999	998
1	65	82	18.65000002	18.81999999	999
1	65	83	18.65000002	18.82999998	999
1	65	84	18.65000002	18.83999998	1000
1	65	85	18.65000002	18.84999998	1000
1	65	86	18.65000002	18.85999997	1000
1	65	87	18.65000002	18.86999997	999
1	65	88	18.65000002	18.87999996	1000
1	65	89	18.65000002	18.88999994	1000
1	65	90	18.65000002	18.89999992	1000
1	65	91	18.65000003	18.90999988	1000
1	65	92	18.65000003	18.91999981	1000
1	65	93	18.65000003	18.92999966	1000
1	65	94	18.65000005	18.93999933	997
1	65	95	18.65	18.95	953
1	66	55	18.65999998	18.55000089	1000
1	66	56	18.65999998	18.56000077	1000
1	66	57	18.65999998	18.57000058	1000
1	66	58	18.65999998	18.58000043	1000
1	66	59	18.65999998	18.59000033	1000
1	66	60	18.65999997	18.60000026	1000
1	66	61	18.65999996	18.61000022	1000
1	66	62	18.65999993	18.62000021	997
1	66	63	18.65999989	18.63000022	999
1	66	64	18.66000008	18.63999999	982
1	66	65	18.66000054	18.64999946	894
1	66	66	18.65804898	18.66291301	674
1	66	67	18.66000054	18.66999946	518
1	66	68	18.65999996	18.68000004	703
1	66	69	18.66	18.69	994
1	66	70	18.6600004	18.69999964	984
1	66	71	18.6600002	18.70999984	978
1	66	72	18.66000011	18.71999992	999
1	66	73	18.66000007	18.72999995	999
1	66	74	18.66000005	18.73999997	1000
1	66	75	18.66000004	18.74999998	1000
1	66	76	18.66000003	18.75999999	999
1	66	77	18.66000002	18.76999999	999
1	66	78	18.66000002	18.77999999	985
1	66	79	18.66000002	18.78999999	998
1	66	80	18.66000002	18.79999999	1000
1	66	81	18.66000002	18.80999999	1000
1	66	82	18.66000002	18.81999999	990
1	66	83	18.66000002	18.82999998	988
1	66	84	18.66000002	18.83999998	999
1	66	85	18.66000002	18.84999998	1000
1	66	86	18.66000002	18.85999997	1000
1	66	87	18.66000002	18.86999997	1000
1	66	88	18.66000002	18.87999996	1000
1	66	89	18.66000002	18.88999995	1000
1	66	90	18.66000002	18.89999992	1000
1	66	91	18.66000002	18.90999988	1000
1	66	92	18.66000003	18.91999981	1000
1	66	93	18.66000003	18.92999966	1000
1	66	94	18.66000005	18.93999932	997
1	66	95	18.66	18.95	949
1	67	55	18.66999998	18.55000071	1000
1	67	56	18.66999998	18.56000069	999
1	67	57	18.66999998	18.57000054	1000
1	67	58	18.66999998	18.5800004	1000
1	67	59	18.66999998	18.59000031	1000
1	67	60	18.66999998	18.60000024	999
1	67	61	18.66999997	18.6100002	999
1	67	62	18.66999995	18.62000018	998
1	67	63	18.66999993	18.63000018	985
1	67	64	18.66999989	18.64000019	995
1	67	65	18.6700001	18.64999996	957
1	67	66	18.67000055	18.65999945	471
1	67	67	18.67286994	18.66800525	421
1	67	68	18.67000054	18.67999946	850
1	67	69	18.66999996	18.69000004	936
1	67	70	18.67	18.7	987
1	67	71	18.6700004	18.70999964	997
1	67	72	18.6700002	18.71999983	998
1	67	73	18.67000011	18.72999991	1000
1	67	74	18.67000007	18.73999995	1000
1	67	75	18.67000005	18.74999997	1000
1	67	76	18.67000004	18.75999998	1000
1	67	77	18.67000003	18.76999998	1000
1	67	78	18.67000002	18.77999999	1000
1	67	79	18.67000002	18.78999999	1000
1	67	80	18.67000002	18.79999999	999
1	67	81	18.67000002	18.80999999	1000
1	67	82	18.67000002	18.81999999	1000
1	67	83	18.67000002	18.82999998	993
1	67	84	18.67000002	18.83999998	997
1	67	85	18.67000002	18.84999998	1000
1	67	86	18.67000002	18.85999997	1000
1	67	87	18.67000002	18.86999997	1000
1	67	88	18.67000002	18.87999996	1000
1	67	89	18.67000002	18.88999995	1000
1	67	90	18.67000002	18.89999992	1000
1	67	91	18.67000002	18.90999988	1000
1	67	92	18.67000003	18.91999981	1000
1	67	93	18.67000003	18.92999965	997
1	67	94	18.67000005	18.93999931	996
1	67	95	18.67	18.95	953
1	68	55	18.67999998	18.55000053	999
1	68	56	18.67999998	18.5600006	998
1	68	57	18.67999998	18.57000049	1000
1	68	58	18.67999998	18.58000037	998
1	68	59	18.67999998	18.59000029	998
1	68	60	18.67999998	18.60000023	999
1	68	61	18.67999998	18.61000018	995
1	68	62	18.67999997	18.62000016	999
1	68	63	18.67999995	18.63000014	1000
1	68	64	18.67999993	18.64000015	950
1	68	65	18.67999989	18.65000017	990
1	68	66	18.68000013	18.65999991	848
1	68	67	18.68000056	18.66999944	854
1	68	68	18.67796325	18.68282826	708
1	68	69	18.68000055	18.68999945	942
1	68	70	18.67999996	18.70000004	996
1	68	71	18.68	18.71	1000
1	68	72	18.68000039	18.71999964	1000
1	68	73	18.68000019	18.72999983	1000
1	68	74	18.68000011	18.73999991	1000
1	68	75	18.68000007	18.74999995	1000
1	68	76	18.68000005	18.75999997	1000
1	68	77	18.68000004	18.76999998	1000
1	68	78	18.68000003	18.77999998	999
1	68	79	18.68000003	18.78999998	999
1	68	80	18.68000002	18.79999999	1000
1	68	81	18.68000002	18.80999999	1000
1	68	82	18.68000002	18.81999998	1000
1	68	83	18.68000002	18.82999998	988
1	68	84	18.68000002	18.83999998	992
1	68	85	18.68000002	18.84999998	997
1	68	86	18.68000002	18.85999997	1000
1	68	87	18.68000002	18.86999997	1000
1	68	88	18.68000002	18.87999996	1000
1	68	89	18.68000002	18.88999995	999
1	68	90	18.68000002	18.89999992	999
1	68	91	18.68000002	18.90999988	998
1	68	92	18.68000003	18.91999981	1000
1	68	93	18.68000003	18.92999965	1000
1	68	94	18.68000005	18.93999931	996
1	68	95	18.68	18.95	952
1	69	55	18.68999998	18.55000035	1000
1	69	56	18.68999998	18.56000051	999
1	69	57	18.68999998	18.57000044	997
1	69	58	18.68999998	18.58000034	997
1	69	59	18.68999998	18.59000027	993
1	69	60	18.68999998	18.60000021	1000
1	69	61	18.68999998	18.61000017	1000
1	69	62	18.68999998	18.62000014	991
1	69	63	18.68999997	18.63000012	999
1	69	64	18.68999996	18.64000012	984
1	69	65	18.68999993	18.65000013	968
1	69	66	18.6899999	18.66000014	974
1	69	67	18.69000017	18.66999986	968
1	69	68	18.69000057	18.67999942	960
1	69	69	18.68791694	18.692782	827
1	69	70	18.69000055	18.69999945	996
1	69	71	18.68999996	18.71000004	1000
1	69	72	18.69	18.72	1000
1	69	73	18.69000038	18.72999964	1000
1	69	74	18.69000019	18.73999983	1000
1	69	75	18.69000011	18.74999991	999
1	69	76	18.69000007	18.75999995	999
1	69	77	18.69000005	18.76999996	987
1	69	78	18.69000004	18.77999997	998
1	69	79	18.69000003	18.78999998	1000
1	69	80	18.69000003	18.79999998	1000
1	69	81	18.69000002	18.80999998	1000
1	69	82	18.69000002	18.81999998	1000
1	69	83	18.69000002	18.82999998	1000
1	69	84	18.69000002	18.83999998	999
1	69	85	18.69000002	18.84999998	1000
1	69	86	18.69000002	18.85999997	999
1	69	87	18.69000002	18.86999997	1000
1	69	88	18.69000002	18.87999996	997
1	69	89	18.69000002	18.88999995	1000
1	69	90	18.69000002	18.89999992	999
1	69	91	18.69000002	18.90999988	1000
1	69	92	18.69000003	18.91999981	1000
1	69	93	18.69000003	18.92999965	986
1	69	94	18.69000005	18.9399993	997
1	69	95	18.69	18.95	948
1	70	55	18.69999998	18.55000015	995
1	70	56	18.69999998	18.56000041	988
1	70	57	18.69999998	18.57000038	971
1	70	58	18.69999998	18.58000031	999
1	70	59	18.69999998	18.59000025	1000
1	70	60	18.69999998	18.60000019	987
1	70	61	18.69999998	18.61000016	999
1	70	62	18.69999998	18.62000013	999
1	70	63	18.69999998	18.63000011	990
1	70	64	18.69999997	18.6400001	994
1	70	65	18.69999996	18.6500001	937
1	70	66	18.69999993	18.66000011	981
1	70	67	18.69999991	18.67000012	996
1	70	68	18.70000021	18.67999981	994
1	70	69	18.70000059	18.68999941	991
1	70	70	18.69788109	18.70274596	837
1	70	71	18.70000055	18.70999945	998
1	70	72	18.69999996	18.72000003	1000
1	70	73	18.7	18.73	1000
1	70	74	18.70000037	18.73999965	1000
1	70	75	18.70000019	18.74999983	1000
1	70	76	18.70000011	18.75999991	1000
1	70	77	18.70000007	18.76999994	1000
1	70	78	18.70000005	18.77999996	1000
1	70	79	18.70000004	18.78999997	999
1	70	80	18.70000003	18.79999998	1000
1	70	81	18.70000003	18.80999998	1000
1	70	82	18.70000002	18.81999998	1000
1	70	83	18.70000002	18.82999998	999
1	70	84	18.70000002	18.83999998	987
1	70	85	18.70000002	18.84999998	987
1	70	86	18.70000002	18.85999997	999
1	70	87	18.70000002	18.86999997	998
1	70	88	18.70000002	18.87999996	1000
1	70	89	18.70000002	18.88999995	1000
1	70	90	18.70000002	18.89999992	992
1	70	91	18.70000002	18.90999988	1000
1	70	92	18.70000003	18.9199998	1000
1	70	93	18.70000003	18.92999964	1000
1	70	94	18.70000005	18.93999929	996
1	70	95	18.7	18.95	951
1	71	55	18.70999998	18.54999995	994
1	71	56	18.70999998	18.56000032	998
1	71	57	18.70999998	18.57000033	998
1	71	58	18.70999998	18.58000028	968
1	71	59	18.70999998	18.59000022	999
1	71	60	18.70999999	18.60000018	1000
1	71	61	18.70999999	18.61000014	992
1	71	62	18.70999998	18.62000012	997
1	71	63	18.70999998	18.6300001	988
1	71	64	18.70999998	18.64000009	999
1	71	65	18.70999997	18.65000008	995
1	71	66	18.70999996	18.66000008	984
1	71	67	18.70999994	18.6700001	994
1	71	68	18.70999992	18.6800001	995
1	71	69	18.71000026	18.68999975	998
1	71	70	18.71000061	18.69999939	998
1	71	71	18.71270337	18.70783889	838
1	71	72	18.71000055	18.71999945	997
1	71	73	18.70999997	18.73000003	1000
1	71	74	18.71	18.74	1000
1	71	75	18.71000037	18.74999965	1000
1	71	76	18.71000018	18.75999983	1000
1	71	77	18.71000011	18.76999991	1000
1	71	78	18.71000007	18.77999994	999
1	71	79	18.71000005	18.78999996	1000
1	71	80	18.71000004	18.79999997	1000
1	71	81	18.71000003	18.80999998	1000
1	71	82	18.71000003	18.81999998	998
1	71	83	18.71000002	18.82999998	1000
1	71	84	18.71000002	18.83999998	1000
1	71	85	18.71000002	18.84999998	1000
1	71	86	18.71000002	18.85999997	996
1	71	87	18.71000002	18.86999997	993
1	71	88	18.71000002	18.87999996	1000
1	71	89	18.71000002	18.88999995	1000
1	71	90	18.71000002	18.89999992	1000
1	71	91	18.71000002	18.90999988	1000
1	71	92	18.71000003	18.9199998	999
1	71	93	18.71000003	18.92999964	1000
1	71	94	18.71000005	18.93999927	997
1	71	95	18.71	18.95	949
1	72	55	18.71999998	18.54999974	1000
1	72	56	18.71999998	18.56000021	985
1	72	57	18.71999998	18.57000027	999
1	72	58	18.71999998	18.58000024	998
1	72	59	18.71999998	18.5900002	994
1	72	60	18.71999999	18.60000016	1000
1	72	61	18.71999999	18.61000013	998
1	72	62	18.71999999	18.62000011	1000
1	72	63	18.71999999	18.63000009	997
1	72	64	18.71999998	18.64000008	955
1	72	65	18.71999998	18.65000007	995
1	72	66	18.71999997	18.66000007	993
1	72	67	18.71999996	18.67000007	997
1	72	68	18.71999994	18.68000008	998
1	72	69	18.71999994	18.69000008	999
1	72	70	18.72000032	18.69999969	1000
1	72	71	18.72000063	18.70999937	998
1	72	72	18.72266271	18.71779879	839
1	72	73	18.72000055	18.72999945	994
1	72	74	18.71999997	18.74000003	997
1	72	75	18.72	18.75	1000
1	72	76	18.72000036	18.75999965	987
1	72	77	18.72000018	18.76999983	998
1	72	78	18.7200001	18.77999991	1000
1	72	79	18.72000007	18.78999994	999
1	72	80	18.72000005	18.79999996	1000
1	72	81	18.72000004	18.80999997	998
1	72	82	18.72000003	18.81999997	1000
1	72	83	18.72000003	18.82999998	999
1	72	84	18.72000002	18.83999998	991
1	72	85	18.72000002	18.84999998	999
1	72	86	18.72000002	18.85999997	994
1	72	87	18.72000002	18.86999997	999
1	72	88	18.72000002	18.87999996	1000
1	72	89	18.72000002	18.88999995	1000
1	72	90	18.72000002	18.89999992	999
1	72	91	18.72000002	18.90999988	1000
1	72	92	18.72000002	18.9199998	1000
1	72	93	18.72000003	18.92999963	1000
1	72	94	18.72000005	18.93999926	997
1	72	95	18.72	18.95	947
1	73	55	18.72999998	18.54999953	999
1	73	56	18.72999998	18.56000011	997
1	73	57	18.72999998	18.57000021	965
1	73	58	18.72999998	18.58000021	997
1	73	59	18.72999998	18.59000018	997
1	73	60	18.72999999	18.60000015	997
1	73	61	18.72999999	18.61000012	1000
1	73	62	18.72999999	18.6200001	988
1	73	63	18.72999999	18.63000008	1000
1	73	64	18.72999999	18.64000007	999
1	73	65	18.72999998	18.65000006	989
1	73	66	18.72999998	18.66000006	989
1	73	67	18.72999998	18.67000006	997
1	73	68	18.72999996	18.68000006	997
1	73	69	18.72999995	18.69000007	1000
1	73	70	18.72999996	18.70000006	1000
1	73	71	18.73000038	18.70999963	1000
1	73	72	18.73000064	18.71999935	997
1	73	73	18.73262476	18.72776154	821
1	73	74	18.73000055	18.73999945	984
1	73	75	18.72999997	18.75000003	996
1	73	76	18.73	18.76	994
1	73	77	18.73000035	18.76999966	1000
1	73	78	18.73000017	18.77999984	996
1	73	79	18.7300001	18.78999991	998
1	73	80	18.73000007	18.79999994	1000
1	73	81	18.73000005	18.80999996	993
1	73	82	18.73000004	18.81999997	1000
1	73	83	18.73000003	18.82999997	1000
1	73	84	18.73000003	18.83999997	1000
1	73	85	18.73000002	18.84999997	999
1	73	86	18.73000002	18.85999997	998
1	73	87	18.73000002	18.86999997	996
1	73	88	18.73000002	18.87999996	1000
1	73	89	18.73000002	18.88999995	1000
1	73	90	18.73000002	18.89999992	1000
1	73	91	18.73000002	18.90999988	1000
1	73	92	18.73000002	18.9199998	1000
1	73	93	18.73000003	18.92999963	1000
1	73	94	18.73000005	18.93999925	997
1	73	95	18.73	18.95	948
1	74	55	18.73999998	18.54999931	982
1	74	56	18.73999998	18.56	999
1	74	57	18.73999998	18.57000015	999
1	74	58	18.73999998	18.58000017	999
1	74	59	18.73999999	18.59000015	1000
1	74	60	18.73999999	18.60000013	997
1	74	61	18.73999999	18.61000011	1000
1	74	62	18.73999999	18.62000009	996
1	74	63	18.73999999	18.63000007	953
1	74	64	18.73999999	18.64000006	1000
1	74	65	18.73999999	18.65000005	995
1	74	66	18.73999999	18.66000005	988
1	74	67	18.73999998	18.67000005	994
1	74	68	18.73999998	18.68000005	999
1	74	69	18.73999997	18.69000005	1000
1	74	70	18.73999996	18.70000006	1000
1	74	71	18.73999997	18.71000004	1000
1	74	72	18.74000043	18.71999957	1000
1	74	73	18.74000066	18.72999934	990
1	74	74	18.7425888	18.73772641	805
1	74	75	18.74000055	18.74999945	975
1	74	76	18.73999997	18.76000003	997
1	74	77	18.74	18.77	999
1	74	78	18.74000035	18.77999967	980
1	74	79	18.74000017	18.78999984	1000
1	74	80	18.7400001	18.79999991	1000
1	74	81	18.74000006	18.80999994	999
1	74	82	18.74000005	18.81999996	999
1	74	83	18.74000004	18.82999997	1000
1	74	84	18.74000003	18.83999997	999
1	74	85	18.74000003	18.84999997	1000
1	74	86	18.74000002	18.85999997	996
1	74	87	18.74000002	18.86999997	996
1	74	88	18.74000002	18.87999996	1000
1	74	89	18.74000002	18.88999995	1000
1	74	90	18.74000002	18.89999992	1000
1	74	91	18.74000002	18.90999988	1000
1	74	92	18.74000002	18.91999979	1000
1	74	93	18.74000003	18.92999962	1000
1	74	94	18.74000005	18.93999924	997
1	74	95	18.74	18.95	948
1	75	55	18.74999998	18.54999909	1000
1	75	56	18.74999998	18.55999989	1000
1	75	57	18.74999998	18.57000009	998
1	75	58	18.74999998	18.58000013	1000
1	75	59	18.74999999	18.59000013	1000
1	75	60	18.74999999	18.60000011	998
1	75	61	18.74999999	18.61000009	989
1	75	62	18.74999999	18.62000008	1000
1	75	63	18.74999999	18.63000007	999
1	75	64	18.74999999	18.64000006	993
1	75	65	18.74999999	18.65000005	991
1	75	66	18.74999999	18.66000004	987
1	75	67	18.74999999	18.67000004	994
1	75	68	18.74999998	18.68000004	997
1	75	69	18.74999998	18.69000004	1000
1	75	70	18.74999997	18.70000004	1000
1	75	71	18.74999996	18.71000005	1000
1	75	72	18.74999999	18.72000002	999
1	75	73	18.7500005	18.7299995	999
1	75	74	18.75000068	18.73999932	979
1	75	75	18.75255543	18.74769397	793
1	75	76	18.75000055	18.75999945	974
1	75	77	18.74999997	18.77000003	994
1	75	78	18.75	18.78	999
1	75	79	18.75000034	18.78999967	999
1	75	80	18.75000017	18.79999984	998
1	75	81	18.7500001	18.80999991	999
1	75	82	18.75000006	18.81999994	1000
1	75	83	18.75000005	18.82999996	1000
1	75	84	18.75000004	18.83999996	1000
1	75	85	18.75000003	18.84999997	1000
1	75	86	18.75000003	18.85999997	1000
1	75	87	18.75000002	18.86999997	1000
1	75	88	18.75000002	18.87999996	998
1	75	89	18.75000002	18.88999994	1000
1	75	90	18.75000002	18.89999992	1000
1	75	91	18.75000002	18.90999988	1000
1	75	92	18.75000002	18.91999979	1000
1	75	93	18.75000003	18.92999961	1000
1	75	94	18.75000005	18.93999922	997
1	75	95	18.75	18.95	948
1	76	55	18.76	18.55	1000
1	76	56	18.75999998	18.55999978	1000
1	76	57	18.75999998	18.57000003	999
1	76	58	18.75999998	18.58000009	999
1	76	59	18.75999999	18.5900001	997
1	76	60	18.75999999	18.60000009	1000
1	76	61	18.75999999	18.61000008	997
1	76	62	18.75999999	18.62000007	950
1	76	63	18.75999999	18.63000006	1000
1	76	64	18.75999999	18.64000005	998
1	76	65	18.75999999	18.65000004	997
1	76	66	18.75999999	18.66000004	990
1	76	67	18.75999999	18.67000003	996
1	76	68	18.75999999	18.68000003	995
1	76	69	18.75999999	18.69000003	999
1	76	70	18.75999998	18.70000003	1000
1	76	71	18.75999998	18.71000003	1000
1	76	72	18.75999997	18.72000004	999
1	76	73	18.76000001	18.73	1000
1	76	74	18.76000056	18.73999944	996
1	76	75	18.7600007	18.7499993	985
1	76	76	18.75766481	18.76252525	796
1	76	77	18.76000055	18.76999945	975
1	76	78	18.75999997	18.78000003	994
1	76	79	18.76	18.79	999
1	76	80	18.76000033	18.79999968	1000
1	76	81	18.76000016	18.80999984	1000
1	76	82	18.7600001	18.81999991	999
1	76	83	18.76000006	18.82999994	1000
1	76	84	18.76000005	18.83999995	1000
1	76	85	18.76000004	18.84999996	1000
1	76	86	18.76000003	18.85999996	1000
1	76	87	18.76000003	18.86999996	993
1	76	88	18.76000002	18.87999996	996
1	76	89	18.76000002	18.88999994	999
1	76	90	18.76000002	18.89999992	1000
1	76	91	18.76000002	18.90999987	1000
1	76	92	18.76000003	18.91999978	1000
1	76	93	18.76000003	18.9299996	999
1	76	94	18.76000005	18.93999921	997
1	76	95	18.76	18.95	948
1	77	55	18.77	18.55	1000
1	77	56	18.76999998	18.55999966	1000
1	77	57	18.76999998	18.56999996	1000
1	77	58	18.76999998	18.58000005	1000
1	77	59	18.76999999	18.59000008	999
1	77	60	18.76999999	18.60000008	987
1	77	61	18.76999999	18.61000007	1000
1	77	62	18.76999999	18.62000006	1000
1	77	63	18.76999999	18.63000005	992
1	77	64	18.76999999	18.64000004	998
1	77	65	18.76999999	18.65000004	997
1	77	66	18.76999999	18.66000003	991
1	77	67	18.76999999	18.67000003	996
1	77	68	18.76999999	18.68000003	998
1	77	69	18.76999999	18.69000002	995
1	77	70	18.76999999	18.70000002	1000
1	77	71	18.76999998	18.71000002	1000
1	77	72	18.76999998	18.72000003	1000
1	77	73	18.76999998	18.73000003	1000
1	77	74	18.77000002	18.73999998	1000
1	77	75	18.77000062	18.74999938	1000
1	77	76	18.77000003	18.75999997	984
1	77	77	18.76763934	18.77249869	828
1	77	78	18.77000055	18.77999945	995
1	77	79	18.76999997	18.79000003	1000
1	77	80	18.77	18.8	1000
1	77	81	18.77000032	18.80999968	1000
1	77	82	18.77000016	18.81999984	1000
1	77	83	18.77000009	18.82999991	1000
1	77	84	18.77000006	18.83999994	1000
1	77	85	18.77000004	18.84999995	1000
1	77	86	18.77000004	18.85999996	1000
1	77	87	18.77000003	18.86999996	1000
1	77	88	18.77000003	18.87999995	998
1	77	89	18.77000002	18.88999994	998
1	77	90	18.77000002	18.89999992	1000
1	77	91	18.77000002	18.90999987	1000
1	77	92	18.77000003	18.91999978	1000
1	77	93	18.77000003	18.92999959	1000
1	77	94	18.77000005	18.93999919	996
1	77	95	18.77	18.95	946
1	78	55	18.78	18.55	1000
1	78	56	18.77999998	18.55999955	1000
1	78	57	18.77999998	18.5699999	1000
1	78	58	18.77999998	18.58000001	998
1	78	59	18.77999999	18.59000005	999
1	78	60	18.77999999	18.60000006	995
1	78	61	18.77999999	18.61000006	951
1	78	62	18.77999999	18.62000005	1000
1	78	63	18.77999999	18.63000004	999
1	78	64	18.77999999	18.64000004	999
1	78	65	18.77999999	18.65000003	997
1	78	66	18.77999999	18.66000003	981
1	78	67	18.77999999	18.67000003	996
1	78	68	18.77999999	18.68000002	998
1	78	69	18.77999999	18.69000002	1000
1	78	70	18.77999999	18.70000002	998
1	78	71	18.77999999	18.71000002	1000
1	78	72	18.77999999	18.72000002	1000
1	78	73	18.77999998	18.73000002	996
1	78	74	18.77999999	18.74000002	972
1	78	75	18.78000004	18.74999996	1000
1	78	76	18.78000068	18.75999932	1000
1	78	77	18.78000003	18.76999997	998
1	78	78	18.7824751	18.77761691	828
1	78	79	18.78000055	18.78999945	993
1	78	80	18.77999997	18.80000003	1000
1	78	81	18.78	18.81	1000
1	78	82	18.78000032	18.81999969	1000
1	78	83	18.78000016	18.82999984	1000
1	78	84	18.78000009	18.83999991	1000
1	78	85	18.78000006	18.84999993	1000
1	78	86	18.78000004	18.85999995	1000
1	78	87	18.78000003	18.86999995	1000
1	78	88	18.78000003	18.87999995	996
1	78	89	18.78000003	18.88999994	998
1	78	90	18.78000002	18.89999991	1000
1	78	91	18.78000002	18.90999986	1000
1	78	92	18.78000003	18.91999977	1000
1	78	93	18.78000003	18.92999959	999
1	78	94	18.78000005	18.93999918	995
1	78	95	18.78	18.95	947
1	79	55	18.79	18.55	1000
1	79	56	18.78999998	18.55999943	1000
1	79	57	18.78999998	18.56999983	1000
1	79	58	18.78999999	18.57999997	993
1	79	59	18.78999999	18.59000002	983
1	79	60	18.78999999	18.60000004	999
1	79	61	18.78999999	18.61000004	999
1	79	62	18.78999999	18.62000004	990
1	79	63	18.78999999	18.63000004	995
1	79	64	18.78999999	18.64000003	1000
1	79	65	18.78999999	18.65000003	997
1	79	66	18.78999999	18.66000002	995
1	79	67	18.78999999	18.67000002	997
1	79	68	18.78999999	18.68000002	996
1	79	69	18.78999999	18.69000002	1000
1	79	70	18.78999999	18.70000002	1000
1	79	71	18.78999999	18.71000001	1000
1	79	72	18.78999999	18.72000001	1000
1	79	73	18.78999999	18.73000002	1000
1	79	74	18.78999999	18.74000002	1000
1	79	75	18.78999999	18.75000001	999
1	79	76	18.79000006	18.75999994	999
1	79	77	18.79	18.77	1000
1	79	78	18.79000003	18.77999997	991
1	79	79	18.79245428	18.78759728	822
1	79	80	18.79000055	18.79999945	989
1	79	81	18.78999997	18.81000003	1000
1	79	82	18.79	18.82	998
1	79	83	18.79000031	18.82999969	1000
1	79	84	18.79000016	18.83999984	1000
1	79	85	18.79000009	18.8499999	1000
1	79	86	18.79000006	18.85999993	1000
1	79	87	18.79000004	18.86999994	1000
1	79	88	18.79000004	18.87999994	1000
1	79	89	18.79000003	18.88999993	1000
1	79	90	18.79000003	18.89999991	1000
1	79	91	18.79000003	18.90999986	1000
1	79	92	18.79000003	18.91999977	1000
1	79	93	18.79000003	18.92999957	999
1	79	94	18.79000005	18.93999916	997
1	79	95	18.79	18.95	946
1	80	55	18.8	18.54999999	1000
1	80	56	18.79999998	18.55999931	1000
1	80	57	18.79999998	18.56999976	999
1	80	58	18.79999999	18.57999993	1000
1	80	59	18.79999999	18.59	994
1	80	60	18.79999999	18.60000002	915
1	80	61	18.79999999	18.61000003	1000
1	80	62	18.79999999	18.62000003	1000
1	80	63	18.79999999	18.63000003	1000
1	80	64	18.79999999	18.64000003	1000
1	80	65	18.79999999	18.65000002	995
1	80	66	18.79999999	18.66000002	993
1	80	67	18.79999999	18.67000002	996
1	80	68	18.79999999	18.68000002	996
1	80	69	18.79999999	18.69000001	1000
1	80	70	18.79999999	18.70000001	1000
1	80	71	18.79999999	18.71000001	1000
1	80	72	18.79999999	18.72000001	999
1	80	73	18.79999999	18.73000001	1000
1	80	74	18.79999999	18.74000001	1000
1	80	75	18.79999999	18.75000001	1000
1	80	76	18.8	18.76	1000
1	80	77	18.80000007	18.76999992	1000
1	80	78	18.8	18.78	1000
1	80	79	18.80000003	18.78999997	995
1	80	80	18.80243839	18.79758261	817
1	80	81	18.80000055	18.80999945	983
1	80	82	18.79999997	18.82000003	1000
1	80	83	18.8	18.83	1000
1	80	84	18.80000031	18.83999969	1000
1	80	85	18.80000015	18.84999984	1000
1	80	86	18.80000009	18.8599999	1000
1	80	87	18.80000006	18.86999992	1000
1	80	88	18.80000004	18.87999993	1000
1	80	89	18.80000004	18.88999992	997
1	80	90	18.80000003	18.8999999	999
1	80	91	18.80000003	18.90999985	1000
1	80	92	18.80000003	18.91999976	1000
1	80	93	18.80000004	18.92999956	999
1	80	94	18.80000005	18.93999914	996
1	80	95	18.8	18.95	943
1	81	55	18.81	18.54999999	1000
1	81	56	18.80999998	18.55999918	999
1	81	57	18.80999999	18.5699997	993
1	81	58	18.80999999	18.57999989	987
1	81	59	18.80999999	18.58999997	1000
1	81	60	18.80999999	18.6	1000
1	81	61	18.80999999	18.61000002	993
1	81	62	18.80999999	18.62000002	996
1	81	63	18.80999999	18.63000002	1000
1	81	64	18.80999999	18.64000002	1000
1	81	65	18.80999999	18.65000002	997
1	81	66	18.80999999	18.66000002	988
1	81	67	18.80999999	18.67000001	997
1	81	68	18.80999999	18.68000001	997
1	81	69	18.81	18.69000001	1000
1	81	70	18.81	18.70000001	1000
1	81	71	18.81	18.71000001	1000
1	81	72	18.81	18.72000001	997
1	81	73	18.81	18.73000001	979
1	81	74	18.80999999	18.74000001	999
1	81	75	18.80999999	18.75000001	1000
1	81	76	18.80999999	18.76000001	1000
1	81	77	18.81000001	18.76999999	1000
1	81	78	18.81000009	18.77999991	1000
1	81	79	18.81	18.79	1000
1	81	80	18.81000003	18.79999997	991
1	81	81	18.81242621	18.80757167	823
1	81	82	18.81000055	18.81999945	988
1	81	83	18.80999997	18.83000003	1000
1	81	84	18.81	18.84	1000
1	81	85	18.81000031	18.84999969	1000
1	81	86	18.81000015	18.85999984	1000
1	81	87	18.81000009	18.86999989	1000
1	81	88	18.81000006	18.87999991	1000
1	81	89	18.81000005	18.88999991	1000
1	81	90	18.81000004	18.89999989	1000
1	81	91	18.81000003	18.90999984	1000
1	81	92	18.81000003	18.91999975	1000
1	81	93	18.81000004	18.92999955	999
1	81	94	18.81000006	18.93999912	996
1	81	95	18.81	18.95	942
1	82	55	18.82	18.54999999	1000
1	82	56	18.81999999	18.55999906	999
1	82	57	18.81999999	18.56999963	1000
1	82	58	18.81999999	18.57999985	994
1	82	59	18.81999999	18.58999994	952
1	82	60	18.81999999	18.59999998	997
1	82	61	18.81999999	18.61	999
1	82	62	18.81999999	18.62000001	1000
1	82	63	18.81999999	18.63000001	1000
1	82	64	18.81999999	18.64000001	999
1	82	65	18.81999999	18.65000001	997
1	82	66	18.81999999	18.66000001	986
1	82	67	18.81999999	18.67000001	997
1	82	68	18.82	18.68000001	994
1	82	69	18.82	18.69000001	999
1	82	70	18.82	18.70000001	1000
1	82	71	18.82	18.71000001	1000
1	82	72	18.82	18.72000001	1000
1	82	73	18.82	18.73000001	1000
1	82	74	18.82	18.74000001	1000
1	82	75	18.82	18.75000001	998
1	82	76	18.82	18.76000001	999
1	82	77	18.82	18.77	1000
1	82	78	18.82000001	18.77999999	1000
1	82	79	18.8200001	18.78999989	1000
1	82	80	18.82000001	18.79999999	1000
1	82	81	18.82000003	18.80999997	992
1	82	82	18.82241818	18.8175649	829
1	82	83	18.82000055	18.82999945	990
1	82	84	18.81999997	18.84000003	1000
1	82	85	18.82	18.85	1000
1	82	86	18.8200003	18.85999968	1000
1	82	87	18.82000015	18.86999983	1000
1	82	88	18.82000009	18.87999988	1000
1	82	89	18.82000006	18.88999989	1000
1	82	90	18.82000005	18.89999988	996
1	82	91	18.82000004	18.90999983	999
1	82	92	18.82000004	18.91999974	999
1	82	93	18.82000004	18.92999953	999
1	82	94	18.82000006	18.93999909	996
1	82	95	18.82	18.95000001	941
1	83	55	18.83	18.54999999	1000
1	83	56	18.83	18.56	1000
1	83	57	18.82999999	18.56999956	989
1	83	58	18.82999999	18.5799998	1000
1	83	59	18.82999999	18.58999991	1000
1	83	60	18.82999999	18.59999996	987
1	83	61	18.82999999	18.60999999	997
1	83	62	18.82999999	18.62	1000
1	83	63	18.82999999	18.63000001	1000
1	83	64	18.82999999	18.64000001	999
1	83	65	18.82999999	18.65000001	995
1	83	66	18.82999999	18.66000001	968
1	83	67	18.83	18.67000001	977
1	83	68	18.83	18.68000001	996
1	83	69	18.83	18.69000001	999
1	83	70	18.83	18.70000001	1000
1	83	71	18.83	18.71000001	1000
1	83	72	18.83	18.72	1000
1	83	73	18.83	18.73	1000
1	83	74	18.83	18.74	1000
1	83	75	18.83	18.75	1000
1	83	76	18.83	18.76	1000
1	83	77	18.83	18.77	1000
1	83	78	18.83	18.78	1000
1	83	79	18.83000002	18.78999998	1000
1	83	80	18.83000012	18.79999988	1000
1	83	81	18.83000001	18.80999999	1000
1	83	82	18.83000003	18.81999997	995
1	83	83	18.83241456	18.82756251	831
1	83	84	18.83000055	18.83999945	989
1	83	85	18.82999997	18.85000003	1000
1	83	86	18.83	18.86	1000
1	83	87	18.83000031	18.86999967	1000
1	83	88	18.83000015	18.87999981	1000
1	83	89	18.83000009	18.88999986	1000
1	83	90	18.83000007	18.89999986	1000
1	83	91	18.83000005	18.90999982	1000
1	83	92	18.83000005	18.91999972	999
1	83	93	18.83000005	18.92999951	999
1	83	94	18.83000006	18.93999907	995
1	83	95	18.83	18.95000001	940
1	84	55	18.84	18.54999999	998
1	84	56	18.84	18.56	999
1	84	57	18.83999999	18.56999949	995
1	84	58	18.83999999	18.57999976	957
1	84	59	18.83999999	18.58999989	999
1	84	60	18.83999999	18.59999994	1000
1	84	61	18.83999999	18.60999997	1000
1	84	62	18.83999999	18.61999999	1000
1	84	63	18.83999999	18.63	1000
1	84	64	18.83999999	18.64	1000
1	84	65	18.83999999	18.65	997
1	84	66	18.83999999	18.66000001	986
1	84	67	18.84	18.67000001	987
1	84	68	18.84	18.68000001	992
1	84	69	18.84	18.69000001	1000
1	84	70	18.84	18.7	1000
1	84	71	18.84	18.71	997
1	84	72	18.84	18.72	975
1	84	73	18.84	18.73	1000
1	84	74	18.84	18.74	999
1	84	75	18.84	18.75	1000
1	84	76	18.84	18.76	1000
1	84	77	18.84	18.77	1000
1	84	78	18.84	18.78	1000
1	84	79	18.84	18.79	1000
1	84	80	18.84000002	18.79999998	1000
1	84	81	18.84000013	18.80999987	1000
1	84	82	18.84000001	18.81999999	1000
1	84	83	18.84000003	18.82999997	996
1	84	84	18.84241562	18.83756478	832
1	84	85	18.84000055	18.84999945	988
1	84	86	18.83999997	18.86000003	1000
1	84	87	18.84	18.87	1000
1	84	88	18.84000031	18.87999966	1000
1	84	89	18.84000016	18.88999979	1000
1	84	90	18.8400001	18.89999982	1000
1	84	91	18.84000007	18.90999979	994
1	84	92	18.84000006	18.9199997	996
1	84	93	18.84000006	18.92999949	997
1	84	94	18.84000007	18.93999904	995
1	84	95	18.84	18.95000001	938
1	85	55	18.85	18.54999999	996
1	85	56	18.85	18.56	989
1	85	57	18.84999999	18.56999942	1000
1	85	58	18.84999999	18.57999972	1000
1	85	59	18.84999999	18.58999986	990
1	85	60	18.84999999	18.59999993	998
1	85	61	18.84999999	18.60999996	999
1	85	62	18.84999999	18.61999998	999
1	85	63	18.84999999	18.62999999	1000
1	85	64	18.84999999	18.64	1000
1	85	65	18.84999999	18.65	996
1	85	66	18.85	18.66	995
1	85	67	18.85	18.67	995
1	85	68	18.85	18.68	996
1	85	69	18.85	18.69	999
1	85	70	18.85	18.7	998
1	85	71	18.85	18.71	1000
1	85	72	18.85	18.72	1000
1	85	73	18.85	18.73	999
1	85	74	18.85	18.74	1000
1	85	75	18.85	18.75	1000
1	85	76	18.85	18.76	1000
1	85	77	18.85	18.77	1000
1	85	78	18.85	18.78	1000
1	85	79	18.85	18.79	1000
1	85	80	18.85	18.8	1000
1	85	81	18.85000002	18.80999997	1000
1	85	82	18.85000013	18.81999987	1000
1	85	83	18.85000001	18.82999999	1000
1	85	84	18.85000003	18.83999997	996
1	85	85	18.85242202	18.84757234	829
1	85	86	18.85000055	18.85999945	984
1	85	87	18.84999997	18.87000003	1000
1	85	88	18.85	18.88	1000
1	85	89	18.85000032	18.88999962	1000
1	85	90	18.85000017	18.89999974	1000
1	85	91	18.85000011	18.90999975	1000
1	85	92	18.85000008	18.91999967	1000
1	85	93	18.85000007	18.92999946	999
1	85	94	18.85	18.94	990
1	85	95	18.85	18.95000001	933
1	86	55	18.86	18.54999999	999
1	86	56	18.86	18.56	997
1	86	57	18.85999999	18.56999934	956
1	86	58	18.85999999	18.57999968	999
1	86	59	18.85999999	18.58999983	1000
1	86	60	18.85999999	18.59999991	999
1	86	61	18.85999999	18.60999995	1000
1	86	62	18.85999999	18.61999997	999
1	86	63	18.85999999	18.62999998	1000
1	86	64	18.85999999	18.63999999	1000
1	86	65	18.85999999	18.65	997
1	86	66	18.86	18.66	995
1	86	67	18.86	18.67	995
1	86	68	18.86	18.68	995
1	86	69	18.86	18.69	999
1	86	70	18.86	18.7	1000
1	86	71	18.86	18.71	1000
1	86	72	18.86	18.72	1000
1	86	73	18.86	18.73	999
1	86	74	18.86	18.74	1000
1	86	75	18.86	18.75	1000
1	86	76	18.86	18.76	1000
1	86	77	18.86	18.77	1000
1	86	78	18.86	18.78	1000
1	86	79	18.86	18.79	1000
1	86	80	18.86	18.8	1000
1	86	81	18.86000001	18.80999999	1000
1	86	82	18.86000003	18.81999997	1000
1	86	83	18.86000014	18.82999987	1000
1	86	84	18.86000001	18.83999999	1000
1	86	85	18.86000003	18.84999997	996
1	86	86	18.86243408	18.85758548	825
1	86	87	18.86000055	18.86999945	980
1	86	88	18.85999997	18.88000003	1000
1	86	89	18.86	18.89	1000
1	86	90	18.86000033	18.89999957	1000
1	86	91	18.86000018	18.90999967	1000
1	86	92	18.86000012	18.91999962	990
1	86	93	18.8600001	18.92999942	997
1	86	94	18.86	18.94	986
1	86	95	18.86	18.95000001	934
1	87	55	18.87	18.54999999	985
1	87	56	18.87	18.56	1000
1	87	57	18.86999999	18.56999927	1000
1	87	58	18.86999999	18.57999963	987
1	87	59	18.86999999	18.5899998	999
1	87	60	18.86999999	18.59999989	1000
1	87	61	18.86999999	18.60999993	1000
1	87	62	18.86999999	18.61999996	1000
1	87	63	18.86999999	18.62999998	1000
1	87	64	18.86999999	18.63999999	998
1	87	65	18.87	18.64999999	996
1	87	66	18.87	18.66	993
1	87	67	18.87	18.67	997
1	87	68	18.87	18.68	994
1	87	69	18.87	18.69	1000
1	87	70	18.87	18.7	997
1	87	71	18.87	18.71	974
1	87	72	18.87	18.72	998
1	87	73	18.87	18.73	999
1	87	74	18.87	18.74	1000
1	87	75	18.87	18.75	1000
1	87	76	18.87	18.76	1000
1	87	77	18.87	18.77	1000
1	87	78	18.87	18.78	1000
1	87	79	18.87	18.79	1000
1	87	80	18.87	18.8	1000
1	87	81	18.87	18.81	1000
1	87	82	18.87000001	18.81999999	1000
1	87	83	18.87000003	18.82999997	1000
1	87	84	18.87000013	18.83999987	1000
1	87	85	18.87000001	18.84999999	1000
1	87	86	18.87000003	18.85999997	996
1	87	87	18.87245263	18.86760501	824
1	87	88	18.87000056	18.87999944	977
1	87	89	18.86999997	18.89000003	1000
1	87	90	18.87	18.9	1000
1	87	91	18.87000035	18.90999948	1000
1	87	92	18.8700002	18.91999952	999
1	87	93	18.87000014	18.92999936	998
1	87	94	18.87	18.94	993
1	87	95	18.87	18.95000001	929
1	88	55	18.88	18.54999999	997
1	88	56	18.88	18.56	960
1	88	57	18.87999999	18.5699992	998
1	88	58	18.87999999	18.57999959	1000
1	88	59	18.87999999	18.58999977	999
1	88	60	18.87999999	18.59999987	1000
1	88	61	18.87999999	18.60999992	999
1	88	62	18.87999999	18.61999995	999
1	88	63	18.87999999	18.62999997	998
1	88	64	18.88	18.63999998	999
1	88	65	18.88	18.64999999	995
1	88	66	18.88	18.65999999	988
1	88	67	18.88	18.66999999	995
1	88	68	18.88	18.68	993
1	88	69	18.88	18.69	997
1	88	70	18.88	18.7	1000
1	88	71	18.88	18.71	1000
1	88	72	18.88	18.72	1000
1	88	73	18.88	18.73	1000
1	88	74	18.88	18.74	1000
1	88	75	18.88	18.75	1000
1	88	76	18.88	18.76	999
1	88	77	18.88	18.77	1000
1	88	78	18.88	18.78	1000
1	88	79	18.8800008	18.78999942	1000
1	88	80	18.88000002	18.80000007	1000
1	88	81	18.88	18.81	1000
1	88	82	18.88	18.82	1000
1	88	83	18.88000001	18.82999999	1000
1	88	84	18.88000003	18.83999997	1000
1	88	85	18.88000013	18.84999987	1000
1	88	86	18.88000001	18.85999999	1000
1	88	87	18.88000003	18.86999997	993
1	88	88	18.88247853	18.87763175	815
1	88	89	18.88000056	18.88999944	973
1	88	90	18.87999997	18.90000003	1000
1	88	91	18.88	18.91	1000
1	88	92	18.88000038	18.91999932	1000
1	88	93	18.88000022	18.92999925	975
1	88	94	18.88	18.94	987
1	88	95	18.88	18.95000001	910
1	89	55	18.89	18.54999999	1000
1	89	56	18.89	18.56	1000
1	89	57	18.88999999	18.56999914	990
1	89	58	18.88999999	18.57999955	998
1	89	59	18.88999999	18.58999975	1000
1	89	60	18.88999999	18.59999985	1000
1	89	61	18.88999999	18.60999991	1000
1	89	62	18.88999999	18.61999994	1000
1	89	63	18.89	18.62999996	1000
1	89	64	18.89	18.63999998	1000
1	89	65	18.89	18.64999998	992
1	89	66	18.89	18.65999999	993
1	89	67	18.89	18.66999999	993
1	89	68	18.89	18.67999999	998
1	89	69	18.89	18.69	1000
1	89	70	18.89	18.7	1000
1	89	71	18.89	18.71	1000
1	89	72	18.89	18.72	999
1	89	73	18.89	18.73	1000
1	89	74	18.89	18.74	1000
1	89	75	18.89	18.75	1000
1	89	76	18.89	18.76	1000
1	89	77	18.89	18.77	1000
1	89	78	18.89	18.78	1000
1	89	79	18.89	18.79	1000
1	89	80	18.89000069	18.80000067	1000
1	89	81	18.89	18.81	1000
1	89	82	18.89	18.82	1000
1	89	83	18.89	18.83	1000
1	89	84	18.89	18.84	1000
1	89	85	18.89000002	18.84999998	1000
1	89	86	18.89000011	18.85999989	1000
1	89	87	18.89	18.87	1000
1	89	88	18.89000003	18.87999997	992
1	89	89	18.89251321	18.88766707	809
1	89	90	18.89000057	18.89999943	966
1	89	91	18.88999996	18.91000004	1000
1	89	92	18.89	18.92	999
1	89	93	18.89	18.93	995
1	89	94	18.89	18.94	985
1	89	95	18.89	18.95000001	921
1	90	55	18.9	18.54999999	965
1	90	56	18.9	18.56	995
1	90	57	18.89999999	18.56999907	1000
1	90	58	18.89999999	18.57999951	999
1	90	59	18.89999999	18.58999972	1000
1	90	60	18.9	18.59999983	1000
1	90	61	18.9	18.6099999	1000
1	90	62	18.9	18.61999993	999
1	90	63	18.9	18.62999996	999
1	90	64	18.9	18.63999997	1000
1	90	65	18.9	18.64999998	987
1	90	66	18.9	18.65999999	992
1	90	67	18.9	18.66999999	991
1	90	68	18.9	18.67999999	996
1	90	69	18.9	18.69	994
1	90	70	18.9	18.7	981
1	90	71	18.9	18.71	997
1	90	72	18.9	18.72	1000
1	90	73	18.9	18.73	1000
1	90	74	18.9	18.74	1000
1	90	75	18.9	18.75	1000
1	90	76	18.9	18.76	1000
1	90	77	18.9	18.77	1000
1	90	78	18.9	18.78	1000
1	90	79	18.9	18.79	1000
1	90	80	18.9	18.8	1000
1	90	81	18.9	18.81	1000
1	90	82	18.9	18.82	1000
1	90	83	18.9	18.83	1000
1	90	84	18.9	18.84	1000
1	90	85	18.9	18.85	1000
1	90	86	18.90000001	18.85999998	1000
1	90	87	18.90000009	18.8699999	1000
1	90	88	18.9	18.88	1000
1	90	89	18.90000003	18.88999997	988
1	90	90	18.90255964	18.89771387	802
1	90	91	18.90000057	18.90999943	960
1	90	92	18.89999996	18.92000004	999
1	90	93	18.9	18.93	998
1	90	94	18.9	18.94	940
1	90	95	18.9	18.95000001	903
1	91	55	18.91	18.54999999	998
1	91	56	18.91	18.56	992
1	91	57	18.91	18.569999	997
1	91	58	18.91	18.57999947	1000
1	91	59	18.91	18.5899997	1000
1	91	60	18.91	18.59999982	999
1	91	61	18.91	18.60999989	998
1	91	62	18.91	18.61999993	998
1	91	63	18.91	18.62999995	998
1	91	64	18.91	18.63999997	999
1	91	65	18.91	18.64999998	990
1	91	66	18.91	18.65999998	989
1	91	67	18.91	18.66999999	989
1	91	68	18.91	18.67999999	996
1	91	69	18.91	18.68999999	996
1	91	70	18.91	18.7	1000
1	91	71	18.91	18.71	1000
1	91	72	18.91	18.72	999
1	91	73	18.91	18.73	1000
1	91	74	18.91	18.74	1000
1	91	75	18.91	18.75	1000
1	91	76	18.91	18.76	1000
1	91	77	18.91	18.77	1000
1	91	78	18.91	18.78	1000
1	91	79	18.91	18.79	1000
1	91	80	18.91	18.8	1000
1	91	81	18.91	18.81	1000
1	91	82	18.91	18.82	1000
1	91	83	18.91	18.83	1000
1	91	84	18.91	18.84	1000
1	91	85	18.91	18.85	1000
1	91	86	18.91	18.86	1000
1	91	87	18.91	18.86999999	1000
1	91	88	18.91000006	18.87999993	1000
1	91	89	18.91000063	18.88999936	1000
1	91	90	18.91000068	18.89999933	984
1	91	91	18.90777254	18.91261832	776
1	91	92	18.91000058	18.91999942	948
1	91	93	18.90999996	18.93000005	995
1	91	94	18.91	18.94000001	969
1	91	95	18.91	18.95000001	902
1	92	55	18.92	18.54999999	995
1	92	56	18.92	18.56	1000
1	92	57	18.92	18.57	1000
1	92	58	18.92	18.57999943	1000
1	92	59	18.92	18.58999967	1000
1	92	60	18.92	18.5999998	1000
1	92	61	18.92	18.60999987	1000
1	92	62	18.92	18.61999992	1000
1	92	63	18.92	18.62999994	999
1	92	64	18.92	18.63999996	999
1	92	65	18.92	18.64999997	990
1	92	66	18.92	18.65999998	986
1	92	67	18.92	18.66999999	989
1	92	68	18.92	18.67999999	998
1	92	69	18.92	18.68999999	995
1	92	70	18.92	18.69999999	1000
1	92	71	18.92	18.71	1000
1	92	72	18.92	18.72	1000
1	92	73	18.92	18.73	1000
1	92	74	18.92	18.74	1000
1	92	75	18.92	18.75	1000
1	92	76	18.92	18.76	1000
1	92	77	18.92	18.77	1000
1	92	78	18.92	18.78	1000
1	92	79	18.92	18.79	1000
1	92	80	18.92	18.8	1000
1	92	81	18.92	18.81	1000
1	92	82	18.92	18.82	1000
1	92	83	18.92	18.83	1000
1	92	84	18.92	18.84	1000
1	92	85	18.92	18.85	1000
1	92	86	18.91999999	18.86	1000
1	92	87	18.91999999	18.87	1000
1	92	88	18.91999999	18.88	1000
1	92	89	18.92000001	18.88999996	1000
1	92	90	18.92000044	18.89999953	1000
1	92	91	18.92000061	18.9099994	972
1	92	92	18.92269564	18.91784937	735
1	92	93	18.92000059	18.92999941	923
1	92	94	18.91999995	18.94000005	962
1	92	95	18.91999999	18.95000002	843
1	93	55	18.93	18.54999999	983
1	93	56	18.93	18.56	995
1	93	57	18.93	18.57	1000
1	93	58	18.93	18.5799994	1000
1	93	59	18.93	18.58999965	1000
1	93	60	18.93	18.59999979	1000
1	93	61	18.93	18.60999986	1000
1	93	62	18.93	18.61999991	1000
1	93	63	18.93	18.62999994	998
1	93	64	18.93	18.63999996	1000
1	93	65	18.93	18.64999997	991
1	93	66	18.93	18.65999998	985
1	93	67	18.93	18.66999998	995
1	93	68	18.93	18.67999999	996
1	93	69	18.93	18.68999999	984
1	93	70	18.93	18.69999999	999
1	93	71	18.93	18.70999999	1000
1	93	72	18.93	18.72	1000
1	93	73	18.93	18.73	1000
1	93	74	18.93	18.74	1000
1	93	75	18.93	18.75	1000
1	93	76	18.93	18.76	1000
1	93	77	18.93	18.77	1000
1	93	78	18.93	18.78	1000
1	93	79	18.93	18.79	999
1	93	80	18.93	18.8	1000
1	93	81	18.93	18.81	1000
1	93	82	18.93	18.82	1000
1	93	83	18.93	18.83	1000
1	93	84	18.93	18.84	1000
1	93	85	18.93	18.85	1000
1	93	86	18.92999999	18.86000001	1000
1	93	87	18.92999999	18.87000001	1000
1	93	88	18.92999998	18.88000001	1000
1	93	89	18.92999997	18.89000001	1000
1	93	90	18.92999995	18.9	1000
1	93	91	18.93000018	18.90999975	1000
1	93	92	18.93000051	18.9199995	951
1	93	93	18.92787651	18.93272391	682
1	93	94	18.93000059	18.9399994	845
1	93	95	18.92999994	18.95000007	848
1	94	55	18.94	18.54999998	993
1	94	56	18.94	18.56	1000
1	94	57	18.94	18.57	1000
1	94	58	18.94	18.57999936	1000
1	94	59	18.94	18.58999963	1000
1	94	60	18.94	18.59999977	1000
1	94	61	18.94	18.60999985	1000
1	94	62	18.94	18.6199999	1000
1	94	63	18.94	18.62999993	999
1	94	64	18.94	18.63999995	997
1	94	65	18.94	18.64999997	992
1	94	66	18.94	18.65999997	985
1	94	67	18.94	18.66999998	991
1	94	68	18.94	18.67999999	994
1	94	69	18.94	18.68999999	998
1	94	70	18.94	18.69999999	1000
1	94	71	18.94	18.70999999	1000
1	94	72	18.94	18.71999999	1000
1	94	73	18.94	18.73	1000
1	94	74	18.94	18.74	1000
1	94	75	18.94	18.75	1000
1	94	76	18.94	18.76	1000
1	94	77	18.94	18.77	1000
1	94	78	18.94	18.78	1000
1	94	79	18.94	18.79	1000
1	94	80	18.94	18.8	1000
1	94	81	18.94	18.81000001	1000
1	94	82	18.94	18.82000001	1000
1	94	83	18.94	18.83000001	1000
1	94	84	18.94	18.84000001	1000
1	94	85	18.94	18.85000001	1000
1	94	86	18.94	18.86000001	1000
1	94	87	18.93999999	18.87000001	1000
1	94	88	18.93999999	18.88000001	995
1	94	89	18.93999998	18.89000001	1000
1	94	90	18.93999995	18.90000002	1000
1	94	91	18.93999988	18.91000005	1000
1	94	92	18.93999983	18.92000003	996
1	94	93	18.94000037	18.92999964	893
1	94	94	18.94242987	18.93758093	579
1	94	95	18.94000059	18.9499994	688
1	95	55	18.95	18.54999998	983
1	95	56	18.95	18.56	994
1	95	57	18.95	18.57	997
1	95	58	18.94999999	18.57999933	1000
1	95	59	18.94999999	18.58999961	999
1	95	60	18.94999999	18.59999975	1000
1	95	61	18.94999999	18.60999984	1000
1	95	62	18.95	18.61999989	1000
1	95	63	18.95	18.62999993	998
1	95	64	18.95	18.63999995	995
1	95	65	18.95	18.64999996	988
1	95	66	18.95	18.65999997	984
1	95	67	18.95	18.66999998	990
1	95	68	18.95	18.67999998	998
1	95	69	18.95	18.68999999	997
1	95	70	18.95	18.69999999	1000
1	95	71	18.95	18.70999999	999
1	95	72	18.95	18.71999999	1000
1	95	73	18.95	18.73	1000
1	95	74	18.95	18.74	1000
1	95	75	18.95	18.75	999
1	95	76	18.95	18.76	999
1	95	77	18.95	18.77	999
1	95	78	18.95	18.78000001	999
1	95	79	18.95000001	18.79000001	998
1	95	80	18.95000001	18.80000001	1000
1	95	81	18.95000001	18.81000002	998
1	95	82	18.95000001	18.82000002	998
1	95	83	18.95000001	18.83000002	999
1	95	84	18.95000002	18.84000003	998
1	95	85	18.95000002	18.85000003	999
1	95	86	18.95000002	18.86000003	999
1	95	87	18.95000003	18.87000004	999
1	95	88	18.95000003	18.88000004	999
1	95	89	18.95000002	18.89000004	997
1	95	90	18.95000001	18.90000003	981
1	95	91	18.94999997	18.91000004	986
1	95	92	18.94999984	18.9200001	996
1	95	93	18.94999942	18.93000038	947
1	95	94	18.95000016	18.93999984	769
1	95	95	18.95243162	18.9475817	431
