# Qx	Qy	Survival
18.55	18.55	277.00
18.56	18.55	218.00
18.57	18.55	173.00
18.58	18.55	150.00
18.59	18.55	142.00
18.60	18.55	112.00
18.61	18.55	96.00
18.62	18.55	111.00
18.63	18.55	127.00
18.64	18.55	147.00
18.65	18.55	164.00
18.66	18.55	165.00
18.67	18.55	157.00
18.68	18.55	166.00
18.69	18.55	176.00
18.70	18.55	170.00
18.71	18.55	184.00
18.72	18.55	226.00
18.73	18.55	225.00
18.74	18.55	255.00
18.75	18.55	294.00
18.76	18.55	325.00
18.77	18.55	359.00
18.78	18.55	377.00
18.79	18.55	389.00
18.80	18.55	398.00
18.81	18.55	412.00
18.82	18.55	433.00
18.83	18.55	426.00
18.84	18.55	433.00
18.85	18.55	431.00
18.86	18.55	429.00
18.87	18.55	416.00
18.88	18.55	414.00
18.89	18.55	401.00
18.90	18.55	392.00
18.91	18.55	381.00
18.92	18.55	367.00
18.93	18.55	343.00
18.94	18.55	317.00
18.95	18.55	297.00
18.55	18.56	261.00
18.56	18.56	212.00
18.57	18.56	161.00
18.58	18.56	145.00
18.59	18.56	121.00
18.60	18.56	101.00
18.61	18.56	79.00
18.62	18.56	87.00
18.63	18.56	96.00
18.64	18.56	135.00
18.65	18.56	130.00
18.66	18.56	139.00
18.67	18.56	134.00
18.68	18.56	146.00
18.69	18.56	139.00
18.70	18.56	144.00
18.71	18.56	163.00
18.72	18.56	175.00
18.73	18.56	196.00
18.74	18.56	230.00
18.75	18.56	250.00
18.76	18.56	272.00
18.77	18.56	305.00
18.78	18.56	322.00
18.79	18.56	336.00
18.80	18.56	346.00
18.81	18.56	357.00
18.82	18.56	384.00
18.83	18.56	387.00
18.84	18.56	389.00
18.85	18.56	390.00
18.86	18.56	384.00
18.87	18.56	382.00
18.88	18.56	369.00
18.89	18.56	364.00
18.90	18.56	359.00
18.91	18.56	346.00
18.92	18.56	321.00
18.93	18.56	307.00
18.94	18.56	276.00
18.95	18.56	253.00
18.55	18.57	194.00
18.56	18.57	203.00
18.57	18.57	157.00
18.58	18.57	135.00
18.59	18.57	115.00
18.60	18.57	97.00
18.61	18.57	76.00
18.62	18.57	69.00
18.63	18.57	84.00
18.64	18.57	100.00
18.65	18.57	107.00
18.66	18.57	121.00
18.67	18.57	122.00
18.68	18.57	122.00
18.69	18.57	129.00
18.70	18.57	122.00
18.71	18.57	139.00
18.72	18.57	148.00
18.73	18.57	173.00
18.74	18.57	187.00
18.75	18.57	200.00
18.76	18.57	222.00
18.77	18.57	255.00
18.78	18.57	280.00
18.79	18.57	303.00
18.80	18.57	292.00
18.81	18.57	310.00
18.82	18.57	323.00
18.83	18.57	330.00
18.84	18.57	343.00
18.85	18.57	346.00
18.86	18.57	346.00
18.87	18.57	343.00
18.88	18.57	338.00
18.89	18.57	318.00
18.90	18.57	325.00
18.91	18.57	303.00
18.92	18.57	285.00
18.93	18.57	270.00
18.94	18.57	247.00
18.95	18.57	229.00
18.55	18.58	162.00
18.56	18.58	175.00
18.57	18.58	157.00
18.58	18.58	127.00
18.59	18.58	106.00
18.60	18.58	93.00
18.61	18.58	71.00
18.62	18.58	61.00
18.63	18.58	58.00
18.64	18.58	67.00
18.65	18.58	89.00
18.66	18.58	96.00
18.67	18.58	113.00
18.68	18.58	103.00
18.69	18.58	101.00
18.70	18.58	106.00
18.71	18.58	108.00
18.72	18.58	132.00
18.73	18.58	141.00
18.74	18.58	165.00
18.75	18.58	175.00
18.76	18.58	194.00
18.77	18.58	215.00
18.78	18.58	230.00
18.79	18.58	244.00
18.80	18.58	258.00
18.81	18.58	273.00
18.82	18.58	269.00
18.83	18.58	280.00
18.84	18.58	303.00
18.85	18.58	305.00
18.86	18.58	301.00
18.87	18.58	297.00
18.88	18.58	297.00
18.89	18.58	282.00
18.90	18.58	266.00
18.91	18.58	270.00
18.92	18.58	271.00
18.93	18.58	240.00
18.94	18.58	214.00
18.95	18.58	188.00
18.55	18.59	120.00
18.56	18.59	136.00
18.57	18.59	145.00
18.58	18.59	123.00
18.59	18.59	100.00
18.60	18.59	78.00
18.61	18.59	69.00
18.62	18.59	53.00
18.63	18.59	42.00
18.64	18.59	64.00
18.65	18.59	66.00
18.66	18.59	86.00
18.67	18.59	94.00
18.68	18.59	89.00
18.69	18.59	93.00
18.70	18.59	96.00
18.71	18.59	98.00
18.72	18.59	105.00
18.73	18.59	119.00
18.74	18.59	129.00
18.75	18.59	137.00
18.76	18.59	162.00
18.77	18.59	177.00
18.78	18.59	194.00
18.79	18.59	216.00
18.80	18.59	219.00
18.81	18.59	218.00
18.82	18.59	233.00
18.83	18.59	238.00
18.84	18.59	246.00
18.85	18.59	261.00
18.86	18.59	255.00
18.87	18.59	250.00
18.88	18.59	252.00
18.89	18.59	246.00
18.90	18.59	246.00
18.91	18.59	233.00
18.92	18.59	220.00
18.93	18.59	217.00
18.94	18.59	194.00
18.95	18.59	169.00
18.55	18.60	90.00
18.56	18.60	100.00
18.57	18.60	113.00
18.58	18.60	116.00
18.59	18.60	85.00
18.60	18.60	75.00
18.61	18.60	55.00
18.62	18.60	48.00
18.63	18.60	37.00
18.64	18.60	34.00
18.65	18.60	45.00
18.66	18.60	69.00
18.67	18.60	81.00
18.68	18.60	71.00
18.69	18.60	82.00
18.70	18.60	85.00
18.71	18.60	82.00
18.72	18.60	78.00
18.73	18.60	99.00
18.74	18.60	104.00
18.75	18.60	114.00
18.76	18.60	125.00
18.77	18.60	150.00
18.78	18.60	166.00
18.79	18.60	170.00
18.80	18.60	187.00
18.81	18.60	187.00
18.82	18.60	202.00
18.83	18.60	200.00
18.84	18.60	206.00
18.85	18.60	216.00
18.86	18.60	218.00
18.87	18.60	225.00
18.88	18.60	220.00
18.89	18.60	216.00
18.90	18.60	216.00
18.91	18.60	211.00
18.92	18.60	196.00
18.93	18.60	188.00
18.94	18.60	175.00
18.95	18.60	159.00
18.55	18.61	71.00
18.56	18.61	75.00
18.57	18.61	87.00
18.58	18.61	99.00
18.59	18.61	82.00
18.60	18.61	67.00
18.61	18.61	51.00
18.62	18.61	45.00
18.63	18.61	37.00
18.64	18.61	24.00
18.65	18.61	30.00
18.66	18.61	54.00
18.67	18.61	67.00
18.68	18.61	68.00
18.69	18.61	71.00
18.70	18.61	80.00
18.71	18.61	82.00
18.72	18.61	92.00
18.73	18.61	89.00
18.74	18.61	99.00
18.75	18.61	100.00
18.76	18.61	110.00
18.77	18.61	152.00
18.78	18.61	165.00
18.79	18.61	166.00
18.80	18.61	187.00
18.81	18.61	188.00
18.82	18.61	180.00
18.83	18.61	179.00
18.84	18.61	191.00
18.85	18.61	178.00
18.86	18.61	197.00
18.87	18.61	202.00
18.88	18.61	213.00
18.89	18.61	212.00
18.90	18.61	213.00
18.91	18.61	203.00
18.92	18.61	196.00
18.93	18.61	187.00
18.94	18.61	174.00
18.95	18.61	152.00
18.55	18.62	61.00
18.56	18.62	63.00
18.57	18.62	68.00
18.58	18.62	74.00
18.59	18.62	79.00
18.60	18.62	67.00
18.61	18.62	57.00
18.62	18.62	45.00
18.63	18.62	31.00
18.64	18.62	21.00
18.65	18.62	28.00
18.66	18.62	38.00
18.67	18.62	60.00
18.68	18.62	64.00
18.69	18.62	84.00
18.70	18.62	92.00
18.71	18.62	122.00
18.72	18.62	130.00
18.73	18.62	152.00
18.74	18.62	167.00
18.75	18.62	136.00
18.76	18.62	134.00
18.77	18.62	192.00
18.78	18.62	228.00
18.79	18.62	248.00
18.80	18.62	257.00
18.81	18.62	272.00
18.82	18.62	275.00
18.83	18.62	241.00
18.84	18.62	212.00
18.85	18.62	254.00
18.86	18.62	248.00
18.87	18.62	209.00
18.88	18.62	210.00
18.89	18.62	240.00
18.90	18.62	258.00
18.91	18.62	242.00
18.92	18.62	245.00
18.93	18.62	220.00
18.94	18.62	187.00
18.95	18.62	175.00
18.55	18.63	72.00
18.56	18.63	116.00
18.57	18.63	85.00
18.58	18.63	74.00
18.59	18.63	75.00
18.60	18.63	73.00
18.61	18.63	50.00
18.62	18.63	44.00
18.63	18.63	37.00
18.64	18.63	25.00
18.65	18.63	22.00
18.66	18.63	40.00
18.67	18.63	64.00
18.68	18.63	67.00
18.69	18.63	79.00
18.70	18.63	120.00
18.71	18.63	145.00
18.72	18.63	178.00
18.73	18.63	242.00
18.74	18.63	278.00
18.75	18.63	332.00
18.76	18.63	289.00
18.77	18.63	258.00
18.78	18.63	345.00
18.79	18.63	407.00
18.80	18.63	431.00
18.81	18.63	441.00
18.82	18.63	429.00
18.83	18.63	440.00
18.84	18.63	404.00
18.85	18.63	385.00
18.86	18.63	389.00
18.87	18.63	402.00
18.88	18.63	356.00
18.89	18.63	292.00
18.90	18.63	288.00
18.91	18.63	301.00
18.92	18.63	316.00
18.93	18.63	293.00
18.94	18.63	257.00
18.95	18.63	243.00
18.55	18.64	104.00
18.56	18.64	268.00
18.57	18.64	275.00
18.58	18.64	203.00
18.59	18.64	211.00
18.60	18.64	179.00
18.61	18.64	97.00
18.62	18.64	46.00
18.63	18.64	39.00
18.64	18.64	29.00
18.65	18.64	22.00
18.66	18.64	33.00
18.67	18.64	80.00
18.68	18.64	138.00
18.69	18.64	172.00
18.70	18.64	191.00
18.71	18.64	229.00
18.72	18.64	275.00
18.73	18.64	342.00
18.74	18.64	435.00
18.75	18.64	508.00
18.76	18.64	560.00
18.77	18.64	532.00
18.78	18.64	551.00
18.79	18.64	609.00
18.80	18.64	667.00
18.81	18.64	684.00
18.82	18.64	672.00
18.83	18.64	681.00
18.84	18.64	691.00
18.85	18.64	675.00
18.86	18.64	643.00
18.87	18.64	642.00
18.88	18.64	614.00
18.89	18.64	595.00
18.90	18.64	502.00
18.91	18.64	435.00
18.92	18.64	418.00
18.93	18.64	411.00
18.94	18.64	380.00
18.95	18.64	363.00
18.55	18.65	196.00
18.56	18.65	439.00
18.57	18.65	579.00
18.58	18.65	602.00
18.59	18.65	616.00
18.60	18.65	581.00
18.61	18.65	500.00
18.62	18.65	261.00
18.63	18.65	94.00
18.64	18.65	66.00
18.65	18.65	49.00
18.66	18.65	47.00
18.67	18.65	123.00
18.68	18.65	344.00
18.69	18.65	532.00
18.70	18.65	568.00
18.71	18.65	521.00
18.72	18.65	535.00
18.73	18.65	546.00
18.74	18.65	642.00
18.75	18.65	731.00
18.76	18.65	750.00
18.77	18.65	778.00
18.78	18.65	808.00
18.79	18.65	845.00
18.80	18.65	882.00
18.81	18.65	909.00
18.82	18.65	915.00
18.83	18.65	924.00
18.84	18.65	907.00
18.85	18.65	908.00
18.86	18.65	890.00
18.87	18.65	866.00
18.88	18.65	879.00
18.89	18.65	815.00
18.90	18.65	788.00
18.91	18.65	722.00
18.92	18.65	630.00
18.93	18.65	578.00
18.94	18.65	575.00
18.95	18.65	589.00
18.55	18.66	246.00
18.56	18.66	569.00
18.57	18.66	809.00
18.58	18.66	834.00
18.59	18.66	856.00
18.60	18.66	894.00
18.61	18.66	862.00
18.62	18.66	686.00
18.63	18.66	410.00
18.64	18.66	208.00
18.65	18.66	176.00
18.66	18.66	165.00
18.67	18.66	226.00
18.68	18.66	446.00
18.69	18.66	761.00
18.70	18.66	881.00
18.71	18.66	832.00
18.72	18.66	800.00
18.73	18.66	762.00
18.74	18.66	781.00
18.75	18.66	825.00
18.76	18.66	837.00
18.77	18.66	893.00
18.78	18.66	881.00
18.79	18.66	920.00
18.80	18.66	958.00
18.81	18.66	974.00
18.82	18.66	988.00
18.83	18.66	993.00
18.84	18.66	983.00
18.85	18.66	975.00
18.86	18.66	966.00
18.87	18.66	965.00
18.88	18.66	959.00
18.89	18.66	937.00
18.90	18.66	921.00
18.91	18.66	899.00
18.92	18.66	844.00
18.93	18.66	771.00
18.94	18.66	679.00
18.95	18.66	679.00
18.55	18.67	278.00
18.56	18.67	629.00
18.57	18.67	917.00
18.58	18.67	960.00
18.59	18.67	951.00
18.60	18.67	960.00
18.61	18.67	980.00
18.62	18.67	955.00
18.63	18.67	816.00
18.64	18.67	524.00
18.65	18.67	319.00
18.66	18.67	323.00
18.67	18.67	367.00
18.68	18.67	555.00
18.69	18.67	759.00
18.70	18.67	959.00
18.71	18.67	971.00
18.72	18.67	935.00
18.73	18.67	873.00
18.74	18.67	864.00
18.75	18.67	864.00
18.76	18.67	881.00
18.77	18.67	904.00
18.78	18.67	914.00
18.79	18.67	920.00
18.80	18.67	949.00
18.81	18.67	958.00
18.82	18.67	990.00
18.83	18.67	992.00
18.84	18.67	994.00
18.85	18.67	985.00
18.86	18.67	976.00
18.87	18.67	963.00
18.88	18.67	967.00
18.89	18.67	966.00
18.90	18.67	962.00
18.91	18.67	939.00
18.92	18.67	932.00
18.93	18.67	898.00
18.94	18.67	878.00
18.95	18.67	804.00
18.55	18.68	293.00
18.56	18.68	674.00
18.57	18.68	962.00
18.58	18.68	987.00
18.59	18.68	993.00
18.60	18.68	996.00
18.61	18.68	997.00
18.62	18.68	993.00
18.63	18.68	985.00
18.64	18.68	905.00
18.65	18.68	668.00
18.66	18.68	458.00
18.67	18.68	482.00
18.68	18.68	560.00
18.69	18.68	762.00
18.70	18.68	935.00
18.71	18.68	990.00
18.72	18.68	995.00
18.73	18.68	974.00
18.74	18.68	952.00
18.75	18.68	916.00
18.76	18.68	894.00
18.77	18.68	922.00
18.78	18.68	916.00
18.79	18.68	919.00
18.80	18.68	921.00
18.81	18.68	954.00
18.82	18.68	976.00
18.83	18.68	976.00
18.84	18.68	984.00
18.85	18.68	981.00
18.86	18.68	981.00
18.87	18.68	971.00
18.88	18.68	981.00
18.89	18.68	976.00
18.90	18.68	981.00
18.91	18.68	974.00
18.92	18.68	967.00
18.93	18.68	970.00
18.94	18.68	966.00
18.95	18.68	957.00
18.55	18.69	297.00
18.56	18.69	658.00
18.57	18.69	978.00
18.58	18.69	995.00
18.59	18.69	999.00
18.60	18.69	996.00
18.61	18.69	997.00
18.62	18.69	998.00
18.63	18.69	993.00
18.64	18.69	987.00
18.65	18.69	933.00
18.66	18.69	801.00
18.67	18.69	644.00
18.68	18.69	625.00
18.69	18.69	691.00
18.70	18.69	884.00
18.71	18.69	973.00
18.72	18.69	995.00
18.73	18.69	997.00
18.74	18.69	991.00
18.75	18.69	980.00
18.76	18.69	964.00
18.77	18.69	937.00
18.78	18.69	927.00
18.79	18.69	917.00
18.80	18.69	913.00
18.81	18.69	918.00
18.82	18.69	951.00
18.83	18.69	967.00
18.84	18.69	968.00
18.85	18.69	978.00
18.86	18.69	974.00
18.87	18.69	971.00
18.88	18.69	976.00
18.89	18.69	980.00
18.90	18.69	985.00
18.91	18.69	992.00
18.92	18.69	991.00
18.93	18.69	990.00
18.94	18.69	992.00
18.95	18.69	994.00
18.55	18.70	311.00
18.56	18.70	660.00
18.57	18.70	976.00
18.58	18.70	999.00
18.59	18.70	1000.00
18.60	18.70	997.00
18.61	18.70	999.00
18.62	18.70	1000.00
18.63	18.70	1000.00
18.64	18.70	995.00
18.65	18.70	987.00
18.66	18.70	938.00
18.67	18.70	834.00
18.68	18.70	758.00
18.69	18.70	736.00
18.70	18.70	789.00
18.71	18.70	935.00
18.72	18.70	979.00
18.73	18.70	989.00
18.74	18.70	997.00
18.75	18.70	997.00
18.76	18.70	989.00
18.77	18.70	969.00
18.78	18.70	954.00
18.79	18.70	933.00
18.80	18.70	908.00
18.81	18.70	921.00
18.82	18.70	924.00
18.83	18.70	939.00
18.84	18.70	959.00
18.85	18.70	975.00
18.86	18.70	977.00
18.87	18.70	987.00
18.88	18.70	970.00
18.89	18.70	979.00
18.90	18.70	991.00
18.91	18.70	990.00
18.92	18.70	993.00
18.93	18.70	998.00
18.94	18.70	1000.00
18.95	18.70	998.00
18.55	18.71	323.00
18.56	18.71	664.00
18.57	18.71	985.00
18.58	18.71	994.00
18.59	18.71	995.00
18.60	18.71	999.00
18.61	18.71	997.00
18.62	18.71	1000.00
18.63	18.71	1000.00
18.64	18.71	998.00
18.65	18.71	990.00
18.66	18.71	989.00
18.67	18.71	937.00
18.68	18.71	848.00
18.69	18.71	792.00
18.70	18.71	794.00
18.71	18.71	834.00
18.72	18.71	950.00
18.73	18.71	977.00
18.74	18.71	988.00
18.75	18.71	995.00
18.76	18.71	995.00
18.77	18.71	992.00
18.78	18.71	986.00
18.79	18.71	973.00
18.80	18.71	942.00
18.81	18.71	916.00
18.82	18.71	917.00
18.83	18.71	914.00
18.84	18.71	924.00
18.85	18.71	938.00
18.86	18.71	960.00
18.87	18.71	969.00
18.88	18.71	980.00
18.89	18.71	977.00
18.90	18.71	989.00
18.91	18.71	994.00
18.92	18.71	997.00
18.93	18.71	998.00
18.94	18.71	998.00
18.95	18.71	999.00
18.55	18.72	313.00
18.56	18.72	625.00
18.57	18.72	966.00
18.58	18.72	996.00
18.59	18.72	997.00
18.60	18.72	998.00
18.61	18.72	997.00
18.62	18.72	998.00
18.63	18.72	998.00
18.64	18.72	998.00
18.65	18.72	995.00
18.66	18.72	992.00
18.67	18.72	985.00
18.68	18.72	928.00
18.69	18.72	853.00
18.70	18.72	796.00
18.71	18.72	801.00
18.72	18.72	845.00
18.73	18.72	946.00
18.74	18.72	972.00
18.75	18.72	985.00
18.76	18.72	987.00
18.77	18.72	996.00
18.78	18.72	994.00
18.79	18.72	988.00
18.80	18.72	988.00
18.81	18.72	960.00
18.82	18.72	935.00
18.83	18.72	905.00
18.84	18.72	915.00
18.85	18.72	926.00
18.86	18.72	938.00
18.87	18.72	945.00
18.88	18.72	952.00
18.89	18.72	969.00
18.90	18.72	980.00
18.91	18.72	991.00
18.92	18.72	996.00
18.93	18.72	998.00
18.94	18.72	1000.00
18.95	18.72	1000.00
18.55	18.73	317.00
18.56	18.73	546.00
18.57	18.73	877.00
18.58	18.73	960.00
18.59	18.73	989.00
18.60	18.73	994.00
18.61	18.73	996.00
18.62	18.73	999.00
18.63	18.73	993.00
18.64	18.73	995.00
18.65	18.73	995.00
18.66	18.73	996.00
18.67	18.73	989.00
18.68	18.73	979.00
18.69	18.73	907.00
18.70	18.73	836.00
18.71	18.73	794.00
18.72	18.73	796.00
18.73	18.73	851.00
18.74	18.73	936.00
18.75	18.73	967.00
18.76	18.73	979.00
18.77	18.73	978.00
18.78	18.73	986.00
18.79	18.73	996.00
18.80	18.73	994.00
18.81	18.73	988.00
18.82	18.73	971.00
18.83	18.73	934.00
18.84	18.73	923.00
18.85	18.73	921.00
18.86	18.73	916.00
18.87	18.73	942.00
18.88	18.73	947.00
18.89	18.73	948.00
18.90	18.73	959.00
18.91	18.73	981.00
18.92	18.73	990.00
18.93	18.73	997.00
18.94	18.73	996.00
18.95	18.73	999.00
18.55	18.74	332.00
18.56	18.74	445.00
18.57	18.74	780.00
18.58	18.74	862.00
18.59	18.74	948.00
18.60	18.74	981.00
18.61	18.74	994.00
18.62	18.74	995.00
18.63	18.74	997.00
18.64	18.74	995.00
18.65	18.74	997.00
18.66	18.74	986.00
18.67	18.74	987.00
18.68	18.74	989.00
18.69	18.74	966.00
18.70	18.74	893.00
18.71	18.74	797.00
18.72	18.74	772.00
18.73	18.74	769.00
18.74	18.74	824.00
18.75	18.74	934.00
18.76	18.74	950.00
18.77	18.74	974.00
18.78	18.74	975.00
18.79	18.74	982.00
18.80	18.74	985.00
18.81	18.74	991.00
18.82	18.74	989.00
18.83	18.74	955.00
18.84	18.74	921.00
18.85	18.74	935.00
18.86	18.74	944.00
18.87	18.74	953.00
18.88	18.74	921.00
18.89	18.74	931.00
18.90	18.74	944.00
18.91	18.74	957.00
18.92	18.74	972.00
18.93	18.74	984.00
18.94	18.74	993.00
18.95	18.74	992.00
18.55	18.75	352.00
18.56	18.75	582.00
18.57	18.75	727.00
18.58	18.75	768.00
18.59	18.75	870.00
18.60	18.75	941.00
18.61	18.75	975.00
18.62	18.75	990.00
18.63	18.75	993.00
18.64	18.75	996.00
18.65	18.75	992.00
18.66	18.75	985.00
18.67	18.75	989.00
18.68	18.75	982.00
18.69	18.75	980.00
18.70	18.75	948.00
18.71	18.75	864.00
18.72	18.75	796.00
18.73	18.75	756.00
18.74	18.75	755.00
18.75	18.75	821.00
18.76	18.75	916.00
18.77	18.75	950.00
18.78	18.75	950.00
18.79	18.75	970.00
18.80	18.75	982.00
18.81	18.75	983.00
18.82	18.75	989.00
18.83	18.75	976.00
18.84	18.75	958.00
18.85	18.75	932.00
18.86	18.75	948.00
18.87	18.75	970.00
18.88	18.75	971.00
18.89	18.75	946.00
18.90	18.75	942.00
18.91	18.75	953.00
18.92	18.75	960.00
18.93	18.75	971.00
18.94	18.75	975.00
18.95	18.75	986.00
18.55	18.76	360.00
18.56	18.76	679.00
18.57	18.76	908.00
18.58	18.76	873.00
18.59	18.76	783.00
18.60	18.76	857.00
18.61	18.76	926.00
18.62	18.76	970.00
18.63	18.76	990.00
18.64	18.76	992.00
18.65	18.76	989.00
18.66	18.76	991.00
18.67	18.76	995.00
18.68	18.76	994.00
18.69	18.76	987.00
18.70	18.76	972.00
18.71	18.76	948.00
18.72	18.76	862.00
18.73	18.76	792.00
18.74	18.76	750.00
18.75	18.76	749.00
18.76	18.76	808.00
18.77	18.76	915.00
18.78	18.76	935.00
18.79	18.76	960.00
18.80	18.76	968.00
18.81	18.76	979.00
18.82	18.76	988.00
18.83	18.76	989.00
18.84	18.76	978.00
18.85	18.76	952.00
18.86	18.76	956.00
18.87	18.76	980.00
18.88	18.76	985.00
18.89	18.76	977.00
18.90	18.76	957.00
18.91	18.76	937.00
18.92	18.76	943.00
18.93	18.76	964.00
18.94	18.76	962.00
18.95	18.76	971.00
18.55	18.77	384.00
18.56	18.77	683.00
18.57	18.77	985.00
18.58	18.77	971.00
18.59	18.77	933.00
18.60	18.77	888.00
18.61	18.77	877.00
18.62	18.77	936.00
18.63	18.77	959.00
18.64	18.77	979.00
18.65	18.77	990.00
18.66	18.77	996.00
18.67	18.77	995.00
18.68	18.77	991.00
18.69	18.77	991.00
18.70	18.77	991.00
18.71	18.77	981.00
18.72	18.77	963.00
18.73	18.77	867.00
18.74	18.77	774.00
18.75	18.77	742.00
18.76	18.77	771.00
18.77	18.77	816.00
18.78	18.77	910.00
18.79	18.77	949.00
18.80	18.77	958.00
18.81	18.77	972.00
18.82	18.77	975.00
18.83	18.77	983.00
18.84	18.77	991.00
18.85	18.77	967.00
18.86	18.77	963.00
18.87	18.77	968.00
18.88	18.77	984.00
18.89	18.77	991.00
18.90	18.77	977.00
18.91	18.77	976.00
18.92	18.77	954.00
18.93	18.77	966.00
18.94	18.77	958.00
18.95	18.77	957.00
18.55	18.78	380.00
18.56	18.78	694.00
18.57	18.78	994.00
18.58	18.78	998.00
18.59	18.78	988.00
18.60	18.78	987.00
18.61	18.78	967.00
18.62	18.78	919.00
18.63	18.78	938.00
18.64	18.78	965.00
18.65	18.78	978.00
18.66	18.78	993.00
18.67	18.78	998.00
18.68	18.78	997.00
18.69	18.78	999.00
18.70	18.78	996.00
18.71	18.78	995.00
18.72	18.78	991.00
18.73	18.78	979.00
18.74	18.78	897.00
18.75	18.78	799.00
18.76	18.78	753.00
18.77	18.78	785.00
18.78	18.78	816.00
18.79	18.78	913.00
18.80	18.78	948.00
18.81	18.78	983.00
18.82	18.78	984.00
18.83	18.78	988.00
18.84	18.78	996.00
18.85	18.78	992.00
18.86	18.78	976.00
18.87	18.78	970.00
18.88	18.78	985.00
18.89	18.78	996.00
18.90	18.78	990.00
18.91	18.78	991.00
18.92	18.78	989.00
18.93	18.78	979.00
18.94	18.78	985.00
18.95	18.78	970.00
18.55	18.79	399.00
18.56	18.79	671.00
18.57	18.79	949.00
18.58	18.79	995.00
18.59	18.79	999.00
18.60	18.79	999.00
18.61	18.79	995.00
18.62	18.79	989.00
18.63	18.79	948.00
18.64	18.79	935.00
18.65	18.79	964.00
18.66	18.79	973.00
18.67	18.79	984.00
18.68	18.79	991.00
18.69	18.79	999.00
18.70	18.79	1000.00
18.71	18.79	999.00
18.72	18.79	1000.00
18.73	18.79	992.00
18.74	18.79	988.00
18.75	18.79	932.00
18.76	18.79	843.00
18.77	18.79	786.00
18.78	18.79	811.00
18.79	18.79	840.00
18.80	18.79	939.00
18.81	18.79	969.00
18.82	18.79	982.00
18.83	18.79	995.00
18.84	18.79	992.00
18.85	18.79	999.00
18.86	18.79	996.00
18.87	18.79	971.00
18.88	18.79	990.00
18.89	18.79	992.00
18.90	18.79	994.00
18.91	18.79	994.00
18.92	18.79	992.00
18.93	18.79	990.00
18.94	18.79	991.00
18.95	18.79	991.00
18.55	18.80	394.00
18.56	18.80	582.00
18.57	18.80	837.00
18.58	18.80	890.00
18.59	18.80	947.00
18.60	18.80	993.00
18.61	18.80	1000.00
18.62	18.80	995.00
18.63	18.80	991.00
18.64	18.80	974.00
18.65	18.80	942.00
18.66	18.80	959.00
18.67	18.80	959.00
18.68	18.80	979.00
18.69	18.80	992.00
18.70	18.80	998.00
18.71	18.80	1000.00
18.72	18.80	998.00
18.73	18.80	996.00
18.74	18.80	993.00
18.75	18.80	989.00
18.76	18.80	928.00
18.77	18.80	843.00
18.78	18.80	816.00
18.79	18.80	818.00
18.80	18.80	865.00
18.81	18.80	942.00
18.82	18.80	980.00
18.83	18.80	987.00
18.84	18.80	995.00
18.85	18.80	999.00
18.86	18.80	998.00
18.87	18.80	985.00
18.88	18.80	981.00
18.89	18.80	994.00
18.90	18.80	997.00
18.91	18.80	998.00
18.92	18.80	999.00
18.93	18.80	996.00
18.94	18.80	995.00
18.95	18.80	996.00
18.55	18.81	382.00
18.56	18.81	493.00
18.57	18.81	725.00
18.58	18.81	765.00
18.59	18.81	842.00
18.60	18.81	878.00
18.61	18.81	928.00
18.62	18.81	987.00
18.63	18.81	999.00
18.64	18.81	992.00
18.65	18.81	982.00
18.66	18.81	949.00
18.67	18.81	935.00
18.68	18.81	948.00
18.69	18.81	969.00
18.70	18.81	987.00
18.71	18.81	993.00
18.72	18.81	1000.00
18.73	18.81	997.00
18.74	18.81	998.00
18.75	18.81	992.00
18.76	18.81	982.00
18.77	18.81	937.00
18.78	18.81	853.00
18.79	18.81	819.00
18.80	18.81	828.00
18.81	18.81	865.00
18.82	18.81	960.00
18.83	18.81	983.00
18.84	18.81	986.00
18.85	18.81	996.00
18.86	18.81	1000.00
18.87	18.81	993.00
18.88	18.81	970.00
18.89	18.81	982.00
18.90	18.81	995.00
18.91	18.81	995.00
18.92	18.81	998.00
18.93	18.81	995.00
18.94	18.81	990.00
18.95	18.81	998.00
18.55	18.82	380.00
18.56	18.82	412.00
18.57	18.82	578.00
18.58	18.82	660.00
18.59	18.82	702.00
18.60	18.82	775.00
18.61	18.82	847.00
18.62	18.82	875.00
18.63	18.82	947.00
18.64	18.82	990.00
18.65	18.82	997.00
18.66	18.82	992.00
18.67	18.82	972.00
18.68	18.82	928.00
18.69	18.82	952.00
18.70	18.82	955.00
18.71	18.82	971.00
18.72	18.82	988.00
18.73	18.82	997.00
18.74	18.82	994.00
18.75	18.82	993.00
18.76	18.82	993.00
18.77	18.82	988.00
18.78	18.82	920.00
18.79	18.82	840.00
18.80	18.82	811.00
18.81	18.82	811.00
18.82	18.82	859.00
18.83	18.82	954.00
18.84	18.82	978.00
18.85	18.82	991.00
18.86	18.82	993.00
18.87	18.82	996.00
18.88	18.82	987.00
18.89	18.82	975.00
18.90	18.82	985.00
18.91	18.82	997.00
18.92	18.82	993.00
18.93	18.82	994.00
18.94	18.82	997.00
18.95	18.82	996.00
18.55	18.83	381.00
18.56	18.83	413.00
18.57	18.83	487.00
18.58	18.83	525.00
18.59	18.83	592.00
18.60	18.83	647.00
18.61	18.83	724.00
18.62	18.83	796.00
18.63	18.83	851.00
18.64	18.83	889.00
18.65	18.83	950.00
18.66	18.83	983.00
18.67	18.83	994.00
18.68	18.83	973.00
18.69	18.83	935.00
18.70	18.83	938.00
18.71	18.83	944.00
18.72	18.83	959.00
18.73	18.83	975.00
18.74	18.83	984.00
18.75	18.83	995.00
18.76	18.83	994.00
18.77	18.83	990.00
18.78	18.83	981.00
18.79	18.83	917.00
18.80	18.83	827.00
18.81	18.83	806.00
18.82	18.83	825.00
18.83	18.83	872.00
18.84	18.83	955.00
18.85	18.83	973.00
18.86	18.83	985.00
18.87	18.83	994.00
18.88	18.83	998.00
18.89	18.83	977.00
18.90	18.83	975.00
18.91	18.83	990.00
18.92	18.83	994.00
18.93	18.83	997.00
18.94	18.83	993.00
18.95	18.83	992.00
18.55	18.84	402.00
18.56	18.84	581.00
18.57	18.84	584.00
18.58	18.84	456.00
18.59	18.84	479.00
18.60	18.84	546.00
18.61	18.84	598.00
18.62	18.84	673.00
18.63	18.84	744.00
18.64	18.84	833.00
18.65	18.84	884.00
18.66	18.84	912.00
18.67	18.84	949.00
18.68	18.84	975.00
18.69	18.84	981.00
18.70	18.84	942.00
18.71	18.84	910.00
18.72	18.84	926.00
18.73	18.84	948.00
18.74	18.84	966.00
18.75	18.84	973.00
18.76	18.84	992.00
18.77	18.84	992.00
18.78	18.84	987.00
18.79	18.84	984.00
18.80	18.84	923.00
18.81	18.84	838.00
18.82	18.84	816.00
18.83	18.84	829.00
18.84	18.84	869.00
18.85	18.84	945.00
18.86	18.84	971.00
18.87	18.84	987.00
18.88	18.84	994.00
18.89	18.84	986.00
18.90	18.84	976.00
18.91	18.84	980.00
18.92	18.84	986.00
18.93	18.84	992.00
18.94	18.84	996.00
18.95	18.84	992.00
18.55	18.85	413.00
18.56	18.85	674.00
18.57	18.85	869.00
18.58	18.85	761.00
18.59	18.85	537.00
18.60	18.85	452.00
18.61	18.85	512.00
18.62	18.85	573.00
18.63	18.85	635.00
18.64	18.85	736.00
18.65	18.85	818.00
18.66	18.85	851.00
18.67	18.85	885.00
18.68	18.85	898.00
18.69	18.85	943.00
18.70	18.85	965.00
18.71	18.85	966.00
18.72	18.85	939.00
18.73	18.85	911.00
18.74	18.85	926.00
18.75	18.85	942.00
18.76	18.85	967.00
18.77	18.85	981.00
18.78	18.85	997.00
18.79	18.85	993.00
18.80	18.85	985.00
18.81	18.85	922.00
18.82	18.85	844.00
18.83	18.85	813.00
18.84	18.85	833.00
18.85	18.85	872.00
18.86	18.85	954.00
18.87	18.85	972.00
18.88	18.85	989.00
18.89	18.85	994.00
18.90	18.85	981.00
18.91	18.85	975.00
18.92	18.85	980.00
18.93	18.85	992.00
18.94	18.85	993.00
18.95	18.85	996.00
18.55	18.86	415.00
18.56	18.86	709.00
18.57	18.86	953.00
18.58	18.86	924.00
18.59	18.86	897.00
18.60	18.86	771.00
18.61	18.86	527.00
18.62	18.86	481.00
18.63	18.86	548.00
18.64	18.86	618.00
18.65	18.86	730.00
18.66	18.86	792.00
18.67	18.86	819.00
18.68	18.86	841.00
18.69	18.86	874.00
18.70	18.86	900.00
18.71	18.86	935.00
18.72	18.86	957.00
18.73	18.86	949.00
18.74	18.86	893.00
18.75	18.86	924.00
18.76	18.86	927.00
18.77	18.86	957.00
18.78	18.86	972.00
18.79	18.86	991.00
18.80	18.86	990.00
18.81	18.86	987.00
18.82	18.86	933.00
18.83	18.86	859.00
18.84	18.86	828.00
18.85	18.86	850.00
18.86	18.86	881.00
18.87	18.86	952.00
18.88	18.86	972.00
18.89	18.86	990.00
18.90	18.86	990.00
18.91	18.86	970.00
18.92	18.86	975.00
18.93	18.86	981.00
18.94	18.86	991.00
18.95	18.86	994.00
18.55	18.87	426.00
18.56	18.87	704.00
18.57	18.87	991.00
18.58	18.87	973.00
18.59	18.87	970.00
18.60	18.87	960.00
18.61	18.87	938.00
18.62	18.87	768.00
18.63	18.87	575.00
18.64	18.87	588.00
18.65	18.87	669.00
18.66	18.87	746.00
18.67	18.87	767.00
18.68	18.87	789.00
18.69	18.87	819.00
18.70	18.87	842.00
18.71	18.87	860.00
18.72	18.87	897.00
18.73	18.87	921.00
18.74	18.87	950.00
18.75	18.87	902.00
18.76	18.87	904.00
18.77	18.87	922.00
18.78	18.87	936.00
18.79	18.87	958.00
18.80	18.87	975.00
18.81	18.87	987.00
18.82	18.87	986.00
18.83	18.87	944.00
18.84	18.87	870.00
18.85	18.87	843.00
18.86	18.87	850.00
18.87	18.87	877.00
18.88	18.87	954.00
18.89	18.87	976.00
18.90	18.87	990.00
18.91	18.87	987.00
18.92	18.87	971.00
18.93	18.87	976.00
18.94	18.87	986.00
18.95	18.87	989.00
18.55	18.88	427.00
18.56	18.88	698.00
18.57	18.88	992.00
18.58	18.88	999.00
18.59	18.88	994.00
18.60	18.88	989.00
18.61	18.88	993.00
18.62	18.88	990.00
18.63	18.88	946.00
18.64	18.88	823.00
18.65	18.88	701.00
18.66	18.88	691.00
18.67	18.88	728.00
18.68	18.88	744.00
18.69	18.88	776.00
18.70	18.88	781.00
18.71	18.88	806.00
18.72	18.88	834.00
18.73	18.88	860.00
18.74	18.88	875.00
18.75	18.88	908.00
18.76	18.88	921.00
18.77	18.88	894.00
18.78	18.88	896.00
18.79	18.88	922.00
18.80	18.88	938.00
18.81	18.88	948.00
18.82	18.88	981.00
18.83	18.88	980.00
18.84	18.88	942.00
18.85	18.88	871.00
18.86	18.88	854.00
18.87	18.88	854.00
18.88	18.88	873.00
18.89	18.88	950.00
18.90	18.88	975.00
18.91	18.88	989.00
18.92	18.88	977.00
18.93	18.88	976.00
18.94	18.88	978.00
18.95	18.88	985.00
18.55	18.89	436.00
18.56	18.89	704.00
18.57	18.89	998.00
18.58	18.89	1000.00
18.59	18.89	1000.00
18.60	18.89	993.00
18.61	18.89	998.00
18.62	18.89	999.00
18.63	18.89	998.00
18.64	18.89	989.00
18.65	18.89	962.00
18.66	18.89	861.00
18.67	18.89	731.00
18.68	18.89	716.00
18.69	18.89	714.00
18.70	18.89	739.00
18.71	18.89	751.00
18.72	18.89	773.00
18.73	18.89	791.00
18.74	18.89	820.00
18.75	18.89	848.00
18.76	18.89	864.00
18.77	18.89	892.00
18.78	18.89	879.00
18.79	18.89	871.00
18.80	18.89	901.00
18.81	18.89	910.00
18.82	18.89	906.00
18.83	18.89	952.00
18.84	18.89	971.00
18.85	18.89	933.00
18.86	18.89	870.00
18.87	18.89	846.00
18.88	18.89	852.00
18.89	18.89	876.00
18.90	18.89	951.00
18.91	18.89	985.00
18.92	18.89	982.00
18.93	18.89	971.00
18.94	18.89	970.00
18.95	18.89	975.00
18.55	18.90	436.00
18.56	18.90	689.00
18.57	18.90	993.00
18.58	18.90	1000.00
18.59	18.90	1000.00
18.60	18.90	999.00
18.61	18.90	1000.00
18.62	18.90	1000.00
18.63	18.90	1000.00
18.64	18.90	999.00
18.65	18.90	999.00
18.66	18.90	991.00
18.67	18.90	949.00
18.68	18.90	840.00
18.69	18.90	704.00
18.70	18.90	705.00
18.71	18.90	707.00
18.72	18.90	731.00
18.73	18.90	744.00
18.74	18.90	756.00
18.75	18.90	791.00
18.76	18.90	819.00
18.77	18.90	828.00
18.78	18.90	854.00
18.79	18.90	855.00
18.80	18.90	838.00
18.81	18.90	866.00
18.82	18.90	879.00
18.83	18.90	895.00
18.84	18.90	914.00
18.85	18.90	937.00
18.86	18.90	918.00
18.87	18.90	867.00
18.88	18.90	850.00
18.89	18.90	857.00
18.90	18.90	878.00
18.91	18.90	953.00
18.92	18.90	976.00
18.93	18.90	970.00
18.94	18.90	961.00
18.95	18.90	968.00
18.55	18.91	446.00
18.56	18.91	688.00
18.57	18.91	993.00
18.58	18.91	999.00
18.59	18.91	1000.00
18.60	18.91	999.00
18.61	18.91	1000.00
18.62	18.91	1000.00
18.63	18.91	1000.00
18.64	18.91	1000.00
18.65	18.91	999.00
18.66	18.91	1000.00
18.67	18.91	998.00
18.68	18.91	990.00
18.69	18.91	945.00
18.70	18.91	824.00
18.71	18.91	704.00
18.72	18.91	698.00
18.73	18.91	688.00
18.74	18.91	717.00
18.75	18.91	734.00
18.76	18.91	752.00
18.77	18.91	770.00
18.78	18.91	789.00
18.79	18.91	800.00
18.80	18.91	813.00
18.81	18.91	809.00
18.82	18.91	807.00
18.83	18.91	827.00
18.84	18.91	858.00
18.85	18.91	866.00
18.86	18.91	906.00
18.87	18.91	908.00
18.88	18.91	872.00
18.89	18.91	847.00
18.90	18.91	849.00
18.91	18.91	875.00
18.92	18.91	935.00
18.93	18.91	957.00
18.94	18.91	957.00
18.95	18.91	953.00
18.55	18.92	462.00
18.56	18.92	704.00
18.57	18.92	995.00
18.58	18.92	998.00
18.59	18.92	998.00
18.60	18.92	999.00
18.61	18.92	999.00
18.62	18.92	1000.00
18.63	18.92	997.00
18.64	18.92	1000.00
18.65	18.92	1000.00
18.66	18.92	1000.00
18.67	18.92	1000.00
18.68	18.92	997.00
18.69	18.92	998.00
18.70	18.92	978.00
18.71	18.92	927.00
18.72	18.92	805.00
18.73	18.92	699.00
18.74	18.92	684.00
18.75	18.92	683.00
18.76	18.92	704.00
18.77	18.92	723.00
18.78	18.92	718.00
18.79	18.92	750.00
18.80	18.92	752.00
18.81	18.92	774.00
18.82	18.92	768.00
18.83	18.92	767.00
18.84	18.92	791.00
18.85	18.92	814.00
18.86	18.92	826.00
18.87	18.92	857.00
18.88	18.92	887.00
18.89	18.92	866.00
18.90	18.92	848.00
18.91	18.92	856.00
18.92	18.92	868.00
18.93	18.92	931.00
18.94	18.92	945.00
18.95	18.92	939.00
18.55	18.93	448.00
18.56	18.93	695.00
18.57	18.93	996.00
18.58	18.93	998.00
18.59	18.93	1000.00
18.60	18.93	1000.00
18.61	18.93	999.00
18.62	18.93	996.00
18.63	18.93	998.00
18.64	18.93	998.00
18.65	18.93	999.00
18.66	18.93	1000.00
18.67	18.93	1000.00
18.68	18.93	999.00
18.69	18.93	1000.00
18.70	18.93	998.00
18.71	18.93	990.00
18.72	18.93	966.00
18.73	18.93	916.00
18.74	18.93	787.00
18.75	18.93	675.00
18.76	18.93	668.00
18.77	18.93	659.00
18.78	18.93	682.00
18.79	18.93	686.00
18.80	18.93	703.00
18.81	18.93	706.00
18.82	18.93	720.00
18.83	18.93	730.00
18.84	18.93	740.00
18.85	18.93	727.00
18.86	18.93	771.00
18.87	18.93	798.00
18.88	18.93	815.00
18.89	18.93	849.00
18.90	18.93	859.00
18.91	18.93	844.00
18.92	18.93	847.00
18.93	18.93	863.00
18.94	18.93	928.00
18.95	18.93	920.00
18.55	18.94	454.00
18.56	18.94	688.00
18.57	18.94	997.00
18.58	18.94	1000.00
18.59	18.94	998.00
18.60	18.94	999.00
18.61	18.94	1000.00
18.62	18.94	1000.00
18.63	18.94	1000.00
18.64	18.94	997.00
18.65	18.94	996.00
18.66	18.94	999.00
18.67	18.94	1000.00
18.68	18.94	996.00
18.69	18.94	996.00
18.70	18.94	1000.00
18.71	18.94	999.00
18.72	18.94	990.00
18.73	18.94	981.00
18.74	18.94	947.00
18.75	18.94	868.00
18.76	18.94	769.00
18.77	18.94	648.00
18.78	18.94	643.00
18.79	18.94	642.00
18.80	18.94	655.00
18.81	18.94	657.00
18.82	18.94	663.00
18.83	18.94	677.00
18.84	18.94	695.00
18.85	18.94	696.00
18.86	18.94	690.00
18.87	18.94	715.00
18.88	18.94	762.00
18.89	18.94	789.00
18.90	18.94	820.00
18.91	18.94	846.00
18.92	18.94	843.00
18.93	18.94	831.00
18.94	18.94	849.00
18.95	18.94	898.00
18.55	18.95	457.00
18.56	18.95	696.00
18.57	18.95	989.00
18.58	18.95	997.00
18.59	18.95	998.00
18.60	18.95	999.00
18.61	18.95	997.00
18.62	18.95	1000.00
18.63	18.95	999.00
18.64	18.95	997.00
18.65	18.95	997.00
18.66	18.95	999.00
18.67	18.95	996.00
18.68	18.95	995.00
18.69	18.95	996.00
18.70	18.95	995.00
18.71	18.95	993.00
18.72	18.95	982.00
18.73	18.95	971.00
18.74	18.95	961.00
18.75	18.95	934.00
18.76	18.95	896.00
18.77	18.95	816.00
18.78	18.95	714.00
18.79	18.95	621.00
18.80	18.95	593.00
18.81	18.95	594.00
18.82	18.95	605.00
18.83	18.95	609.00
18.84	18.95	602.00
18.85	18.95	642.00
18.86	18.95	627.00
18.87	18.95	657.00
18.88	18.95	652.00
18.89	18.95	691.00
18.90	18.95	728.00
18.91	18.95	776.00
18.92	18.95	812.00
18.93	18.95	815.00
18.94	18.95	807.00
18.95	18.95	812.00
18.55	18.96	469.00
18.56	18.96	706.00
18.57	18.96	975.00
18.58	18.96	993.00
18.59	18.96	992.00
18.60	18.96	995.00
18.61	18.96	998.00
18.62	18.96	994.00
18.63	18.96	994.00
18.64	18.96	988.00
18.65	18.96	989.00
18.66	18.96	991.00
18.67	18.96	993.00
18.68	18.96	994.00
18.69	18.96	992.00
18.70	18.96	993.00
18.71	18.96	986.00
18.72	18.96	982.00
18.73	18.96	975.00
18.74	18.96	964.00
18.75	18.96	931.00
18.76	18.96	921.00
18.77	18.96	848.00
18.78	18.96	797.00
18.79	18.96	744.00
18.80	18.96	667.00
18.81	18.96	577.00
18.82	18.96	559.00
18.83	18.96	568.00
18.84	18.96	555.00
18.85	18.96	562.00
18.86	18.96	569.00
18.87	18.96	577.00
18.88	18.96	593.00
18.89	18.96	606.00
18.90	18.96	619.00
18.91	18.96	654.00
18.92	18.96	710.00
18.93	18.96	750.00
18.94	18.96	775.00
18.95	18.96	769.00
