# Qx	Qy	Survival
18.55	18.55	283.00
18.56	18.55	210.00
18.57	18.55	172.00
18.58	18.55	153.00
18.59	18.55	135.00
18.60	18.55	104.00
18.61	18.55	91.00
18.62	18.55	88.00
18.63	18.55	106.00
18.64	18.55	139.00
18.65	18.55	141.00
18.66	18.55	160.00
18.67	18.55	154.00
18.68	18.55	151.00
18.69	18.55	171.00
18.70	18.55	171.00
18.71	18.55	197.00
18.72	18.55	216.00
18.73	18.55	226.00
18.74	18.55	236.00
18.75	18.55	279.00
18.76	18.55	303.00
18.77	18.55	332.00
18.78	18.55	366.00
18.79	18.55	384.00
18.80	18.55	401.00
18.81	18.55	405.00
18.82	18.55	387.00
18.83	18.55	373.00
18.84	18.55	379.00
18.85	18.55	369.00
18.86	18.55	360.00
18.87	18.55	353.00
18.88	18.55	348.00
18.89	18.55	346.00
18.90	18.55	343.00
18.91	18.55	327.00
18.92	18.55	303.00
18.93	18.55	271.00
18.94	18.55	281.00
18.95	18.55	276.00
18.55	18.56	255.00
18.56	18.56	213.00
18.57	18.56	167.00
18.58	18.56	140.00
18.59	18.56	123.00
18.60	18.56	95.00
18.61	18.56	76.00
18.62	18.56	72.00
18.63	18.56	85.00
18.64	18.56	112.00
18.65	18.56	128.00
18.66	18.56	139.00
18.67	18.56	133.00
18.68	18.56	136.00
18.69	18.56	145.00
18.70	18.56	155.00
18.71	18.56	159.00
18.72	18.56	188.00
18.73	18.56	200.00
18.74	18.56	214.00
18.75	18.56	234.00
18.76	18.56	270.00
18.77	18.56	301.00
18.78	18.56	318.00
18.79	18.56	342.00
18.80	18.56	343.00
18.81	18.56	341.00
18.82	18.56	349.00
18.83	18.56	341.00
18.84	18.56	324.00
18.85	18.56	323.00
18.86	18.56	321.00
18.87	18.56	303.00
18.88	18.56	301.00
18.89	18.56	294.00
18.90	18.56	294.00
18.91	18.56	278.00
18.92	18.56	260.00
18.93	18.56	260.00
18.94	18.56	239.00
18.95	18.56	234.00
18.55	18.57	199.00
18.56	18.57	209.00
18.57	18.57	155.00
18.58	18.57	139.00
18.59	18.57	113.00
18.60	18.57	98.00
18.61	18.57	79.00
18.62	18.57	60.00
18.63	18.57	65.00
18.64	18.57	92.00
18.65	18.57	102.00
18.66	18.57	123.00
18.67	18.57	116.00
18.68	18.57	123.00
18.69	18.57	128.00
18.70	18.57	124.00
18.71	18.57	134.00
18.72	18.57	151.00
18.73	18.57	161.00
18.74	18.57	173.00
18.75	18.57	197.00
18.76	18.57	220.00
18.77	18.57	246.00
18.78	18.57	274.00
18.79	18.57	287.00
18.80	18.57	303.00
18.81	18.57	310.00
18.82	18.57	301.00
18.83	18.57	313.00
18.84	18.57	300.00
18.85	18.57	295.00
18.86	18.57	289.00
18.87	18.57	278.00
18.88	18.57	276.00
18.89	18.57	274.00
18.90	18.57	275.00
18.91	18.57	253.00
18.92	18.57	237.00
18.93	18.57	214.00
18.94	18.57	204.00
18.95	18.57	190.00
18.55	18.58	155.00
18.56	18.58	173.00
18.57	18.58	158.00
18.58	18.58	128.00
18.59	18.58	105.00
18.60	18.58	90.00
18.61	18.58	72.00
18.62	18.58	59.00
18.63	18.58	51.00
18.64	18.58	67.00
18.65	18.58	81.00
18.66	18.58	101.00
18.67	18.58	105.00
18.68	18.58	115.00
18.69	18.58	103.00
18.70	18.58	113.00
18.71	18.58	116.00
18.72	18.58	118.00
18.73	18.58	130.00
18.74	18.58	142.00
18.75	18.58	166.00
18.76	18.58	181.00
18.77	18.58	198.00
18.78	18.58	228.00
18.79	18.58	244.00
18.80	18.58	250.00
18.81	18.58	257.00
18.82	18.58	277.00
18.83	18.58	275.00
18.84	18.58	260.00
18.85	18.58	255.00
18.86	18.58	249.00
18.87	18.58	231.00
18.88	18.58	239.00
18.89	18.58	235.00
18.90	18.58	224.00
18.91	18.58	233.00
18.92	18.58	205.00
18.93	18.58	197.00
18.94	18.58	181.00
18.95	18.58	165.00
18.55	18.59	116.00
18.56	18.59	136.00
18.57	18.59	146.00
18.58	18.59	120.00
18.59	18.59	93.00
18.60	18.59	78.00
18.61	18.59	66.00
18.62	18.59	53.00
18.63	18.59	44.00
18.64	18.59	44.00
18.65	18.59	63.00
18.66	18.59	82.00
18.67	18.59	87.00
18.68	18.59	90.00
18.69	18.59	80.00
18.70	18.59	90.00
18.71	18.59	99.00
18.72	18.59	111.00
18.73	18.59	105.00
18.74	18.59	126.00
18.75	18.59	140.00
18.76	18.59	155.00
18.77	18.59	176.00
18.78	18.59	186.00
18.79	18.59	204.00
18.80	18.59	217.00
18.81	18.59	219.00
18.82	18.59	234.00
18.83	18.59	225.00
18.84	18.59	225.00
18.85	18.59	220.00
18.86	18.59	210.00
18.87	18.59	202.00
18.88	18.59	200.00
18.89	18.59	201.00
18.90	18.59	198.00
18.91	18.59	189.00
18.92	18.59	195.00
18.93	18.59	174.00
18.94	18.59	154.00
18.95	18.59	145.00
18.55	18.60	95.00
18.56	18.60	95.00
18.57	18.60	113.00
18.58	18.60	115.00
18.59	18.60	91.00
18.60	18.60	73.00
18.61	18.60	59.00
18.62	18.60	49.00
18.63	18.60	39.00
18.64	18.60	32.00
18.65	18.60	47.00
18.66	18.60	62.00
18.67	18.60	69.00
18.68	18.60	71.00
18.69	18.60	73.00
18.70	18.60	77.00
18.71	18.60	85.00
18.72	18.60	86.00
18.73	18.60	95.00
18.74	18.60	94.00
18.75	18.60	104.00
18.76	18.60	139.00
18.77	18.60	140.00
18.78	18.60	163.00
18.79	18.60	167.00
18.80	18.60	184.00
18.81	18.60	185.00
18.82	18.60	188.00
18.83	18.60	193.00
18.84	18.60	187.00
18.85	18.60	188.00
18.86	18.60	184.00
18.87	18.60	181.00
18.88	18.60	183.00
18.89	18.60	170.00
18.90	18.60	173.00
18.91	18.60	173.00
18.92	18.60	166.00
18.93	18.60	167.00
18.94	18.60	151.00
18.95	18.60	140.00
18.55	18.61	68.00
18.56	18.61	79.00
18.57	18.61	84.00
18.58	18.61	99.00
18.59	18.61	82.00
18.60	18.61	66.00
18.61	18.61	55.00
18.62	18.61	44.00
18.63	18.61	36.00
18.64	18.61	24.00
18.65	18.61	29.00
18.66	18.61	46.00
18.67	18.61	59.00
18.68	18.61	64.00
18.69	18.61	73.00
18.70	18.61	72.00
18.71	18.61	72.00
18.72	18.61	77.00
18.73	18.61	82.00
18.74	18.61	88.00
18.75	18.61	98.00
18.76	18.61	108.00
18.77	18.61	135.00
18.78	18.61	145.00
18.79	18.61	155.00
18.80	18.61	172.00
18.81	18.61	190.00
18.82	18.61	185.00
18.83	18.61	178.00
18.84	18.61	173.00
18.85	18.61	167.00
18.86	18.61	159.00
18.87	18.61	164.00
18.88	18.61	177.00
18.89	18.61	173.00
18.90	18.61	176.00
18.91	18.61	170.00
18.92	18.61	175.00
18.93	18.61	166.00
18.94	18.61	152.00
18.95	18.61	140.00
18.55	18.62	63.00
18.56	18.62	60.00
18.57	18.62	69.00
18.58	18.62	77.00
18.59	18.62	86.00
18.60	18.62	65.00
18.61	18.62	50.00
18.62	18.62	45.00
18.63	18.62	33.00
18.64	18.62	21.00
18.65	18.62	19.00
18.66	18.62	34.00
18.67	18.62	49.00
18.68	18.62	62.00
18.69	18.62	70.00
18.70	18.62	82.00
18.71	18.62	96.00
18.72	18.62	112.00
18.73	18.62	130.00
18.74	18.62	130.00
18.75	18.62	130.00
18.76	18.62	130.00
18.77	18.62	151.00
18.78	18.62	188.00
18.79	18.62	198.00
18.80	18.62	207.00
18.81	18.62	242.00
18.82	18.62	251.00
18.83	18.62	236.00
18.84	18.62	216.00
18.85	18.62	232.00
18.86	18.62	211.00
18.87	18.62	190.00
18.88	18.62	189.00
18.89	18.62	221.00
18.90	18.62	225.00
18.91	18.62	222.00
18.92	18.62	212.00
18.93	18.62	206.00
18.94	18.62	177.00
18.95	18.62	166.00
18.55	18.63	107.00
18.56	18.63	85.00
18.57	18.63	71.00
18.58	18.63	63.00
18.59	18.63	72.00
18.60	18.63	69.00
18.61	18.63	56.00
18.62	18.63	46.00
18.63	18.63	37.00
18.64	18.63	25.00
18.65	18.63	23.00
18.66	18.63	31.00
18.67	18.63	48.00
18.68	18.63	62.00
18.69	18.63	71.00
18.70	18.63	99.00
18.71	18.63	114.00
18.72	18.63	163.00
18.73	18.63	186.00
18.74	18.63	216.00
18.75	18.63	223.00
18.76	18.63	225.00
18.77	18.63	234.00
18.78	18.63	254.00
18.79	18.63	283.00
18.80	18.63	321.00
18.81	18.63	337.00
18.82	18.63	356.00
18.83	18.63	372.00
18.84	18.63	382.00
18.85	18.63	362.00
18.86	18.63	376.00
18.87	18.63	347.00
18.88	18.63	315.00
18.89	18.63	273.00
18.90	18.63	301.00
18.91	18.63	288.00
18.92	18.63	286.00
18.93	18.63	271.00
18.94	18.63	262.00
18.95	18.63	218.00
18.55	18.64	197.00
18.56	18.64	322.00
18.57	18.64	261.00
18.58	18.64	194.00
18.59	18.64	188.00
18.60	18.64	181.00
18.61	18.64	92.00
18.62	18.64	52.00
18.63	18.64	48.00
18.64	18.64	27.00
18.65	18.64	25.00
18.66	18.64	30.00
18.67	18.64	58.00
18.68	18.64	95.00
18.69	18.64	154.00
18.70	18.64	160.00
18.71	18.64	191.00
18.72	18.64	212.00
18.73	18.64	278.00
18.74	18.64	332.00
18.75	18.64	378.00
18.76	18.64	391.00
18.77	18.64	359.00
18.78	18.64	399.00
18.79	18.64	444.00
18.80	18.64	516.00
18.81	18.64	539.00
18.82	18.64	577.00
18.83	18.64	596.00
18.84	18.64	609.00
18.85	18.64	603.00
18.86	18.64	598.00
18.87	18.64	574.00
18.88	18.64	545.00
18.89	18.64	504.00
18.90	18.64	475.00
18.91	18.64	447.00
18.92	18.64	427.00
18.93	18.64	392.00
18.94	18.64	377.00
18.95	18.64	354.00
18.55	18.65	318.00
18.56	18.65	515.00
18.57	18.65	575.00
18.58	18.65	562.00
18.59	18.65	547.00
18.60	18.65	527.00
18.61	18.65	430.00
18.62	18.65	224.00
18.63	18.65	80.00
18.64	18.65	69.00
18.65	18.65	45.00
18.66	18.65	47.00
18.67	18.65	98.00
18.68	18.65	285.00
18.69	18.65	426.00
18.70	18.65	492.00
18.71	18.65	496.00
18.72	18.65	459.00
18.73	18.65	464.00
18.74	18.65	483.00
18.75	18.65	567.00
18.76	18.65	603.00
18.77	18.65	624.00
18.78	18.65	658.00
18.79	18.65	692.00
18.80	18.65	732.00
18.81	18.65	805.00
18.82	18.65	795.00
18.83	18.65	810.00
18.84	18.65	825.00
18.85	18.65	808.00
18.86	18.65	829.00
18.87	18.65	813.00
18.88	18.65	792.00
18.89	18.65	771.00
18.90	18.65	750.00
18.91	18.65	700.00
18.92	18.65	619.00
18.93	18.65	603.00
18.94	18.65	567.00
18.95	18.65	538.00
18.55	18.66	424.00
18.56	18.66	655.00
18.57	18.66	769.00
18.58	18.66	821.00
18.59	18.66	832.00
18.60	18.66	828.00
18.61	18.66	786.00
18.62	18.66	608.00
18.63	18.66	340.00
18.64	18.66	186.00
18.65	18.66	134.00
18.66	18.66	156.00
18.67	18.66	199.00
18.68	18.66	377.00
18.69	18.66	645.00
18.70	18.66	746.00
18.71	18.66	740.00
18.72	18.66	683.00
18.73	18.66	705.00
18.74	18.66	678.00
18.75	18.66	670.00
18.76	18.66	698.00
18.77	18.66	721.00
18.78	18.66	733.00
18.79	18.66	743.00
18.80	18.66	829.00
18.81	18.66	890.00
18.82	18.66	911.00
18.83	18.66	917.00
18.84	18.66	937.00
18.85	18.66	928.00
18.86	18.66	929.00
18.87	18.66	902.00
18.88	18.66	914.00
18.89	18.66	891.00
18.90	18.66	859.00
18.91	18.66	846.00
18.92	18.66	804.00
18.93	18.66	754.00
18.94	18.66	710.00
18.95	18.66	667.00
18.55	18.67	490.00
18.56	18.67	710.00
18.57	18.67	827.00
18.58	18.67	880.00
18.59	18.67	887.00
18.60	18.67	908.00
18.61	18.67	920.00
18.62	18.67	889.00
18.63	18.67	720.00
18.64	18.67	474.00
18.65	18.67	277.00
18.66	18.67	303.00
18.67	18.67	353.00
18.68	18.67	442.00
18.69	18.67	641.00
18.70	18.67	795.00
18.71	18.67	839.00
18.72	18.67	814.00
18.73	18.67	742.00
18.74	18.67	754.00
18.75	18.67	754.00
18.76	18.67	724.00
18.77	18.67	755.00
18.78	18.67	757.00
18.79	18.67	766.00
18.80	18.67	816.00
18.81	18.67	855.00
18.82	18.67	899.00
18.83	18.67	931.00
18.84	18.67	918.00
18.85	18.67	931.00
18.86	18.67	926.00
18.87	18.67	895.00
18.88	18.67	910.00
18.89	18.67	888.00
18.90	18.67	899.00
18.91	18.67	891.00
18.92	18.67	851.00
18.93	18.67	810.00
18.94	18.67	786.00
18.95	18.67	750.00
18.55	18.68	517.00
18.56	18.68	772.00
18.57	18.68	847.00
18.58	18.68	891.00
18.59	18.68	933.00
18.60	18.68	945.00
18.61	18.68	959.00
18.62	18.68	941.00
18.63	18.68	912.00
18.64	18.68	797.00
18.65	18.68	590.00
18.66	18.68	419.00
18.67	18.68	445.00
18.68	18.68	498.00
18.69	18.68	632.00
18.70	18.68	798.00
18.71	18.68	882.00
18.72	18.68	881.00
18.73	18.68	858.00
18.74	18.68	818.00
18.75	18.68	794.00
18.76	18.68	796.00
18.77	18.68	786.00
18.78	18.68	783.00
18.79	18.68	798.00
18.80	18.68	804.00
18.81	18.68	856.00
18.82	18.68	889.00
18.83	18.68	905.00
18.84	18.68	929.00
18.85	18.68	945.00
18.86	18.68	945.00
18.87	18.68	941.00
18.88	18.68	938.00
18.89	18.68	939.00
18.90	18.68	915.00
18.91	18.68	902.00
18.92	18.68	896.00
18.93	18.68	898.00
18.94	18.68	898.00
18.95	18.68	889.00
18.55	18.69	538.00
18.56	18.69	798.00
18.57	18.69	870.00
18.58	18.69	923.00
18.59	18.69	961.00
18.60	18.69	960.00
18.61	18.69	965.00
18.62	18.69	957.00
18.63	18.69	961.00
18.64	18.69	931.00
18.65	18.69	831.00
18.66	18.69	678.00
18.67	18.69	529.00
18.68	18.69	531.00
18.69	18.69	605.00
18.70	18.69	753.00
18.71	18.69	859.00
18.72	18.69	895.00
18.73	18.69	914.00
18.74	18.69	903.00
18.75	18.69	888.00
18.76	18.69	852.00
18.77	18.69	821.00
18.78	18.69	821.00
18.79	18.69	826.00
18.80	18.69	841.00
18.81	18.69	861.00
18.82	18.69	887.00
18.83	18.69	909.00
18.84	18.69	923.00
18.85	18.69	938.00
18.86	18.69	937.00
18.87	18.69	939.00
18.88	18.69	947.00
18.89	18.69	949.00
18.90	18.69	942.00
18.91	18.69	942.00
18.92	18.69	947.00
18.93	18.69	937.00
18.94	18.69	932.00
18.95	18.69	932.00
18.55	18.70	528.00
18.56	18.70	811.00
18.57	18.70	890.00
18.58	18.70	932.00
18.59	18.70	951.00
18.60	18.70	968.00
18.61	18.70	979.00
18.62	18.70	976.00
18.63	18.70	987.00
18.64	18.70	969.00
18.65	18.70	929.00
18.66	18.70	828.00
18.67	18.70	730.00
18.68	18.70	657.00
18.69	18.70	627.00
18.70	18.70	692.00
18.71	18.70	801.00
18.72	18.70	878.00
18.73	18.70	912.00
18.74	18.70	926.00
18.75	18.70	932.00
18.76	18.70	919.00
18.77	18.70	917.00
18.78	18.70	895.00
18.79	18.70	871.00
18.80	18.70	846.00
18.81	18.70	855.00
18.82	18.70	878.00
18.83	18.70	902.00
18.84	18.70	932.00
18.85	18.70	945.00
18.86	18.70	963.00
18.87	18.70	959.00
18.88	18.70	941.00
18.89	18.70	953.00
18.90	18.70	956.00
18.91	18.70	961.00
18.92	18.70	954.00
18.93	18.70	971.00
18.94	18.70	962.00
18.95	18.70	974.00
18.55	18.71	506.00
18.56	18.71	834.00
18.57	18.71	889.00
18.58	18.71	936.00
18.59	18.71	965.00
18.60	18.71	977.00
18.61	18.71	988.00
18.62	18.71	984.00
18.63	18.71	981.00
18.64	18.71	978.00
18.65	18.71	954.00
18.66	18.71	911.00
18.67	18.71	833.00
18.68	18.71	767.00
18.69	18.71	689.00
18.70	18.71	699.00
18.71	18.71	746.00
18.72	18.71	858.00
18.73	18.71	895.00
18.74	18.71	916.00
18.75	18.71	934.00
18.76	18.71	949.00
18.77	18.71	949.00
18.78	18.71	940.00
18.79	18.71	913.00
18.80	18.71	910.00
18.81	18.71	864.00
18.82	18.71	877.00
18.83	18.71	882.00
18.84	18.71	902.00
18.85	18.71	927.00
18.86	18.71	939.00
18.87	18.71	945.00
18.88	18.71	955.00
18.89	18.71	958.00
18.90	18.71	964.00
18.91	18.71	968.00
18.92	18.71	972.00
18.93	18.71	973.00
18.94	18.71	974.00
18.95	18.71	979.00
18.55	18.72	464.00
18.56	18.72	762.00
18.57	18.72	872.00
18.58	18.72	944.00
18.59	18.72	964.00
18.60	18.72	981.00
18.61	18.72	982.00
18.62	18.72	991.00
18.63	18.72	989.00
18.64	18.72	966.00
18.65	18.72	962.00
18.66	18.72	945.00
18.67	18.72	898.00
18.68	18.72	845.00
18.69	18.72	771.00
18.70	18.72	727.00
18.71	18.72	724.00
18.72	18.72	745.00
18.73	18.72	841.00
18.74	18.72	907.00
18.75	18.72	922.00
18.76	18.72	944.00
18.77	18.72	945.00
18.78	18.72	958.00
18.79	18.72	961.00
18.80	18.72	953.00
18.81	18.72	939.00
18.82	18.72	903.00
18.83	18.72	906.00
18.84	18.72	888.00
18.85	18.72	914.00
18.86	18.72	923.00
18.87	18.72	933.00
18.88	18.72	935.00
18.89	18.72	944.00
18.90	18.72	957.00
18.91	18.72	967.00
18.92	18.72	982.00
18.93	18.72	984.00
18.94	18.72	984.00
18.95	18.72	986.00
18.55	18.73	428.00
18.56	18.73	656.00
18.57	18.73	795.00
18.58	18.73	877.00
18.59	18.73	948.00
18.60	18.73	974.00
18.61	18.73	985.00
18.62	18.73	990.00
18.63	18.73	984.00
18.64	18.73	973.00
18.65	18.73	961.00
18.66	18.73	956.00
18.67	18.73	944.00
18.68	18.73	906.00
18.69	18.73	817.00
18.70	18.73	772.00
18.71	18.73	723.00
18.72	18.73	740.00
18.73	18.73	730.00
18.74	18.73	856.00
18.75	18.73	901.00
18.76	18.73	923.00
18.77	18.73	940.00
18.78	18.73	955.00
18.79	18.73	971.00
18.80	18.73	968.00
18.81	18.73	960.00
18.82	18.73	949.00
18.83	18.73	910.00
18.84	18.73	902.00
18.85	18.73	903.00
18.86	18.73	912.00
18.87	18.73	931.00
18.88	18.73	942.00
18.89	18.73	940.00
18.90	18.73	945.00
18.91	18.73	965.00
18.92	18.73	979.00
18.93	18.73	981.00
18.94	18.73	986.00
18.95	18.73	985.00
18.55	18.74	425.00
18.56	18.74	616.00
18.57	18.74	728.00
18.58	18.74	788.00
18.59	18.74	898.00
18.60	18.74	955.00
18.61	18.74	988.00
18.62	18.74	989.00
18.63	18.74	981.00
18.64	18.74	970.00
18.65	18.74	974.00
18.66	18.74	967.00
18.67	18.74	954.00
18.68	18.74	932.00
18.69	18.74	890.00
18.70	18.74	803.00
18.71	18.74	728.00
18.72	18.74	723.00
18.73	18.74	710.00
18.74	18.74	738.00
18.75	18.74	832.00
18.76	18.74	896.00
18.77	18.74	928.00
18.78	18.74	941.00
18.79	18.74	956.00
18.80	18.74	964.00
18.81	18.74	976.00
18.82	18.74	967.00
18.83	18.74	941.00
18.84	18.74	924.00
18.85	18.74	923.00
18.86	18.74	914.00
18.87	18.74	931.00
18.88	18.74	928.00
18.89	18.74	935.00
18.90	18.74	945.00
18.91	18.74	938.00
18.92	18.74	955.00
18.93	18.74	963.00
18.94	18.74	977.00
18.95	18.74	984.00
18.55	18.75	539.00
18.56	18.75	663.00
18.57	18.75	657.00
18.58	18.75	754.00
18.59	18.75	817.00
18.60	18.75	890.00
18.61	18.75	942.00
18.62	18.75	977.00
18.63	18.75	973.00
18.64	18.75	976.00
18.65	18.75	966.00
18.66	18.75	970.00
18.67	18.75	963.00
18.68	18.75	948.00
18.69	18.75	936.00
18.70	18.75	883.00
18.71	18.75	774.00
18.72	18.75	748.00
18.73	18.75	708.00
18.74	18.75	683.00
18.75	18.75	720.00
18.76	18.75	839.00
18.77	18.75	891.00
18.78	18.75	940.00
18.79	18.75	951.00
18.80	18.75	965.00
18.81	18.75	981.00
18.82	18.75	978.00
18.83	18.75	970.00
18.84	18.75	944.00
18.85	18.75	936.00
18.86	18.75	942.00
18.87	18.75	951.00
18.88	18.75	945.00
18.89	18.75	934.00
18.90	18.75	921.00
18.91	18.75	947.00
18.92	18.75	942.00
18.93	18.75	955.00
18.94	18.75	961.00
18.95	18.75	974.00
18.55	18.76	594.00
18.56	18.76	825.00
18.57	18.76	800.00
18.58	18.76	750.00
18.59	18.76	756.00
18.60	18.76	848.00
18.61	18.76	905.00
18.62	18.76	927.00
18.63	18.76	946.00
18.64	18.76	960.00
18.65	18.76	972.00
18.66	18.76	967.00
18.67	18.76	973.00
18.68	18.76	956.00
18.69	18.76	946.00
18.70	18.76	907.00
18.71	18.76	853.00
18.72	18.76	774.00
18.73	18.76	710.00
18.74	18.76	684.00
18.75	18.76	661.00
18.76	18.76	729.00
18.77	18.76	869.00
18.78	18.76	925.00
18.79	18.76	938.00
18.80	18.76	960.00
18.81	18.76	965.00
18.82	18.76	975.00
18.83	18.76	982.00
18.84	18.76	974.00
18.85	18.76	938.00
18.86	18.76	960.00
18.87	18.76	970.00
18.88	18.76	976.00
18.89	18.76	967.00
18.90	18.76	950.00
18.91	18.76	942.00
18.92	18.76	943.00
18.93	18.76	956.00
18.94	18.76	962.00
18.95	18.76	965.00
18.55	18.77	601.00
18.56	18.77	888.00
18.57	18.77	916.00
18.58	18.77	890.00
18.59	18.77	861.00
18.60	18.77	839.00
18.61	18.77	860.00
18.62	18.77	891.00
18.63	18.77	919.00
18.64	18.77	947.00
18.65	18.77	961.00
18.66	18.77	966.00
18.67	18.77	966.00
18.68	18.77	977.00
18.69	18.77	953.00
18.70	18.77	935.00
18.71	18.77	919.00
18.72	18.77	847.00
18.73	18.77	769.00
18.74	18.77	710.00
18.75	18.77	654.00
18.76	18.77	651.00
18.77	18.77	757.00
18.78	18.77	878.00
18.79	18.77	928.00
18.80	18.77	955.00
18.81	18.77	965.00
18.82	18.77	979.00
18.83	18.77	980.00
18.84	18.77	983.00
18.85	18.77	963.00
18.86	18.77	955.00
18.87	18.77	968.00
18.88	18.77	981.00
18.89	18.77	988.00
18.90	18.77	985.00
18.91	18.77	966.00
18.92	18.77	960.00
18.93	18.77	959.00
18.94	18.77	949.00
18.95	18.77	965.00
18.55	18.78	596.00
18.56	18.78	842.00
18.57	18.78	941.00
18.58	18.78	962.00
18.59	18.78	938.00
18.60	18.78	913.00
18.61	18.78	892.00
18.62	18.78	852.00
18.63	18.78	876.00
18.64	18.78	918.00
18.65	18.78	939.00
18.66	18.78	959.00
18.67	18.78	964.00
18.68	18.78	971.00
18.69	18.78	970.00
18.70	18.78	963.00
18.71	18.78	945.00
18.72	18.78	926.00
18.73	18.78	862.00
18.74	18.78	772.00
18.75	18.78	731.00
18.76	18.78	680.00
18.77	18.78	663.00
18.78	18.78	763.00
18.79	18.78	897.00
18.80	18.78	943.00
18.81	18.78	972.00
18.82	18.78	979.00
18.83	18.78	985.00
18.84	18.78	990.00
18.85	18.78	989.00
18.86	18.78	967.00
18.87	18.78	966.00
18.88	18.78	983.00
18.89	18.78	988.00
18.90	18.78	991.00
18.91	18.78	986.00
18.92	18.78	987.00
18.93	18.78	977.00
18.94	18.78	975.00
18.95	18.78	967.00
18.55	18.79	574.00
18.56	18.79	712.00
18.57	18.79	784.00
18.58	18.79	914.00
18.59	18.79	976.00
18.60	18.79	967.00
18.61	18.79	936.00
18.62	18.79	917.00
18.63	18.79	887.00
18.64	18.79	887.00
18.65	18.79	915.00
18.66	18.79	925.00
18.67	18.79	940.00
18.68	18.79	966.00
18.69	18.79	971.00
18.70	18.79	960.00
18.71	18.79	953.00
18.72	18.79	948.00
18.73	18.79	950.00
18.74	18.79	898.00
18.75	18.79	832.00
18.76	18.79	754.00
18.77	18.79	716.00
18.78	18.79	751.00
18.79	18.79	805.00
18.80	18.79	905.00
18.81	18.79	961.00
18.82	18.79	973.00
18.83	18.79	987.00
18.84	18.79	988.00
18.85	18.79	989.00
18.86	18.79	980.00
18.87	18.79	967.00
18.88	18.79	976.00
18.89	18.79	991.00
18.90	18.79	993.00
18.91	18.79	987.00
18.92	18.79	989.00
18.93	18.79	990.00
18.94	18.79	994.00
18.95	18.79	985.00
18.55	18.80	486.00
18.56	18.80	584.00
18.57	18.80	670.00
18.58	18.80	790.00
18.59	18.80	846.00
18.60	18.80	911.00
18.61	18.80	941.00
18.62	18.80	941.00
18.63	18.80	934.00
18.64	18.80	890.00
18.65	18.80	870.00
18.66	18.80	896.00
18.67	18.80	903.00
18.68	18.80	930.00
18.69	18.80	956.00
18.70	18.80	955.00
18.71	18.80	964.00
18.72	18.80	968.00
18.73	18.80	975.00
18.74	18.80	969.00
18.75	18.80	935.00
18.76	18.80	872.00
18.77	18.80	783.00
18.78	18.80	736.00
18.79	18.80	772.00
18.80	18.80	818.00
18.81	18.80	928.00
18.82	18.80	954.00
18.83	18.80	982.00
18.84	18.80	985.00
18.85	18.80	985.00
18.86	18.80	992.00
18.87	18.80	974.00
18.88	18.80	972.00
18.89	18.80	992.00
18.90	18.80	994.00
18.91	18.80	995.00
18.92	18.80	992.00
18.93	18.80	991.00
18.94	18.80	990.00
18.95	18.80	993.00
18.55	18.81	438.00
18.56	18.81	495.00
18.57	18.81	564.00
18.58	18.81	646.00
18.59	18.81	712.00
18.60	18.81	796.00
18.61	18.81	825.00
18.62	18.81	907.00
18.63	18.81	959.00
18.64	18.81	932.00
18.65	18.81	914.00
18.66	18.81	866.00
18.67	18.81	875.00
18.68	18.81	892.00
18.69	18.81	909.00
18.70	18.81	930.00
18.71	18.81	959.00
18.72	18.81	981.00
18.73	18.81	983.00
18.74	18.81	981.00
18.75	18.81	971.00
18.76	18.81	951.00
18.77	18.81	890.00
18.78	18.81	803.00
18.79	18.81	773.00
18.80	18.81	786.00
18.81	18.81	839.00
18.82	18.81	928.00
18.83	18.81	962.00
18.84	18.81	973.00
18.85	18.81	984.00
18.86	18.81	990.00
18.87	18.81	989.00
18.88	18.81	971.00
18.89	18.81	981.00
18.90	18.81	995.00
18.91	18.81	995.00
18.92	18.81	996.00
18.93	18.81	992.00
18.94	18.81	997.00
18.95	18.81	1000.00
18.55	18.82	409.00
18.56	18.82	443.00
18.57	18.82	470.00
18.58	18.82	519.00
18.59	18.82	593.00
18.60	18.82	655.00
18.61	18.82	745.00
18.62	18.82	799.00
18.63	18.82	840.00
18.64	18.82	922.00
18.65	18.82	954.00
18.66	18.82	918.00
18.67	18.82	881.00
18.68	18.82	856.00
18.69	18.82	867.00
18.70	18.82	882.00
18.71	18.82	917.00
18.72	18.82	946.00
18.73	18.82	973.00
18.74	18.82	989.00
18.75	18.82	987.00
18.76	18.82	979.00
18.77	18.82	961.00
18.78	18.82	890.00
18.79	18.82	816.00
18.80	18.82	783.00
18.81	18.82	799.00
18.82	18.82	838.00
18.83	18.82	930.00
18.84	18.82	960.00
18.85	18.82	978.00
18.86	18.82	978.00
18.87	18.82	992.00
18.88	18.82	982.00
18.89	18.82	970.00
18.90	18.82	988.00
18.91	18.82	996.00
18.92	18.82	995.00
18.93	18.82	994.00
18.94	18.82	991.00
18.95	18.82	995.00
18.55	18.83	390.00
18.56	18.83	403.00
18.57	18.83	403.00
18.58	18.83	439.00
18.59	18.83	468.00
18.60	18.83	557.00
18.61	18.83	621.00
18.62	18.83	701.00
18.63	18.83	758.00
18.64	18.83	821.00
18.65	18.83	877.00
18.66	18.83	934.00
18.67	18.83	920.00
18.68	18.83	896.00
18.69	18.83	862.00
18.70	18.83	844.00
18.71	18.83	876.00
18.72	18.83	899.00
18.73	18.83	938.00
18.74	18.83	970.00
18.75	18.83	978.00
18.76	18.83	979.00
18.77	18.83	981.00
18.78	18.83	964.00
18.79	18.83	887.00
18.80	18.83	809.00
18.81	18.83	779.00
18.82	18.83	795.00
18.83	18.83	841.00
18.84	18.83	930.00
18.85	18.83	964.00
18.86	18.83	980.00
18.87	18.83	979.00
18.88	18.83	991.00
18.89	18.83	977.00
18.90	18.83	975.00
18.91	18.83	989.00
18.92	18.83	991.00
18.93	18.83	995.00
18.94	18.83	995.00
18.95	18.83	989.00
18.55	18.84	521.00
18.56	18.84	501.00
18.57	18.84	413.00
18.58	18.84	356.00
18.59	18.84	382.00
18.60	18.84	457.00
18.61	18.84	508.00
18.62	18.84	581.00
18.63	18.84	668.00
18.64	18.84	735.00
18.65	18.84	812.00
18.66	18.84	853.00
18.67	18.84	862.00
18.68	18.84	907.00
18.69	18.84	915.00
18.70	18.84	864.00
18.71	18.84	835.00
18.72	18.84	885.00
18.73	18.84	903.00
18.74	18.84	920.00
18.75	18.84	956.00
18.76	18.84	986.00
18.77	18.84	985.00
18.78	18.84	979.00
18.79	18.84	954.00
18.80	18.84	872.00
18.81	18.84	817.00
18.82	18.84	805.00
18.83	18.84	795.00
18.84	18.84	850.00
18.85	18.84	939.00
18.86	18.84	958.00
18.87	18.84	982.00
18.88	18.84	987.00
18.89	18.84	989.00
18.90	18.84	977.00
18.91	18.84	983.00
18.92	18.84	990.00
18.93	18.84	990.00
18.94	18.84	992.00
18.95	18.84	996.00
18.55	18.85	574.00
18.56	18.85	735.00
18.57	18.85	661.00
18.58	18.85	553.00
18.59	18.85	388.00
18.60	18.85	383.00
18.61	18.85	420.00
18.62	18.85	515.00
18.63	18.85	576.00
18.64	18.85	643.00
18.65	18.85	720.00
18.66	18.85	791.00
18.67	18.85	816.00
18.68	18.85	836.00
18.69	18.85	880.00
18.70	18.85	909.00
18.71	18.85	905.00
18.72	18.85	858.00
18.73	18.85	836.00
18.74	18.85	882.00
18.75	18.85	903.00
18.76	18.85	940.00
18.77	18.85	959.00
18.78	18.85	983.00
18.79	18.85	983.00
18.80	18.85	952.00
18.81	18.85	881.00
18.82	18.85	819.00
18.83	18.85	804.00
18.84	18.85	800.00
18.85	18.85	850.00
18.86	18.85	938.00
18.87	18.85	970.00
18.88	18.85	984.00
18.89	18.85	991.00
18.90	18.85	985.00
18.91	18.85	972.00
18.92	18.85	980.00
18.93	18.85	991.00
18.94	18.85	993.00
18.95	18.85	996.00
18.55	18.86	595.00
18.56	18.86	914.00
18.57	18.86	827.00
18.58	18.86	761.00
18.59	18.86	731.00
18.60	18.86	593.00
18.61	18.86	423.00
18.62	18.86	410.00
18.63	18.86	484.00
18.64	18.86	587.00
18.65	18.86	663.00
18.66	18.86	699.00
18.67	18.86	741.00
18.68	18.86	781.00
18.69	18.86	825.00
18.70	18.86	852.00
18.71	18.86	864.00
18.72	18.86	896.00
18.73	18.86	881.00
18.74	18.86	867.00
18.75	18.86	868.00
18.76	18.86	896.00
18.77	18.86	933.00
18.78	18.86	960.00
18.79	18.86	969.00
18.80	18.86	980.00
18.81	18.86	965.00
18.82	18.86	888.00
18.83	18.86	832.00
18.84	18.86	822.00
18.85	18.86	815.00
18.86	18.86	859.00
18.87	18.86	937.00
18.88	18.86	965.00
18.89	18.86	987.00
18.90	18.86	995.00
18.91	18.86	972.00
18.92	18.86	981.00
18.93	18.86	989.00
18.94	18.86	988.00
18.95	18.86	991.00
18.55	18.87	587.00
18.56	18.87	928.00
18.57	18.87	933.00
18.58	18.87	860.00
18.59	18.87	862.00
18.60	18.87	862.00
18.61	18.87	783.00
18.62	18.87	646.00
18.63	18.87	507.00
18.64	18.87	517.00
18.65	18.87	628.00
18.66	18.87	673.00
18.67	18.87	687.00
18.68	18.87	703.00
18.69	18.87	756.00
18.70	18.87	788.00
18.71	18.87	808.00
18.72	18.87	841.00
18.73	18.87	881.00
18.74	18.87	894.00
18.75	18.87	868.00
18.76	18.87	863.00
18.77	18.87	886.00
18.78	18.87	906.00
18.79	18.87	930.00
18.80	18.87	949.00
18.81	18.87	973.00
18.82	18.87	959.00
18.83	18.87	907.00
18.84	18.87	857.00
18.85	18.87	830.00
18.86	18.87	837.00
18.87	18.87	863.00
18.88	18.87	950.00
18.89	18.87	972.00
18.90	18.87	990.00
18.91	18.87	987.00
18.92	18.87	979.00
18.93	18.87	982.00
18.94	18.87	990.00
18.95	18.87	992.00
18.55	18.88	600.00
18.56	18.88	924.00
18.57	18.88	957.00
18.58	18.88	940.00
18.59	18.88	908.00
18.60	18.88	939.00
18.61	18.88	923.00
18.62	18.88	901.00
18.63	18.88	846.00
18.64	18.88	678.00
18.65	18.88	615.00
18.66	18.88	632.00
18.67	18.88	642.00
18.68	18.88	663.00
18.69	18.88	682.00
18.70	18.88	720.00
18.71	18.88	743.00
18.72	18.88	783.00
18.73	18.88	810.00
18.74	18.88	845.00
18.75	18.88	858.00
18.76	18.88	875.00
18.77	18.88	854.00
18.78	18.88	863.00
18.79	18.88	885.00
18.80	18.88	908.00
18.81	18.88	930.00
18.82	18.88	954.00
18.83	18.88	963.00
18.84	18.88	919.00
18.85	18.88	865.00
18.86	18.88	834.00
18.87	18.88	849.00
18.88	18.88	872.00
18.89	18.88	952.00
18.90	18.88	978.00
18.91	18.88	990.00
18.92	18.88	983.00
18.93	18.88	981.00
18.94	18.88	982.00
18.95	18.88	992.00
18.55	18.89	615.00
18.56	18.89	927.00
18.57	18.89	966.00
18.58	18.89	978.00
18.59	18.89	966.00
18.60	18.89	965.00
18.61	18.89	964.00
18.62	18.89	956.00
18.63	18.89	940.00
18.64	18.89	920.00
18.65	18.89	860.00
18.66	18.89	754.00
18.67	18.89	645.00
18.68	18.89	630.00
18.69	18.89	645.00
18.70	18.89	667.00
18.71	18.89	691.00
18.72	18.89	725.00
18.73	18.89	740.00
18.74	18.89	769.00
18.75	18.89	799.00
18.76	18.89	822.00
18.77	18.89	844.00
18.78	18.89	812.00
18.79	18.89	861.00
18.80	18.89	876.00
18.81	18.89	882.00
18.82	18.89	897.00
18.83	18.89	928.00
18.84	18.89	943.00
18.85	18.89	909.00
18.86	18.89	864.00
18.87	18.89	835.00
18.88	18.89	858.00
18.89	18.89	875.00
18.90	18.89	944.00
18.91	18.89	976.00
18.92	18.89	986.00
18.93	18.89	976.00
18.94	18.89	986.00
18.95	18.89	983.00
18.55	18.90	609.00
18.56	18.90	920.00
18.57	18.90	976.00
18.58	18.90	988.00
18.59	18.90	986.00
18.60	18.90	950.00
18.61	18.90	969.00
18.62	18.90	971.00
18.63	18.90	973.00
18.64	18.90	970.00
18.65	18.90	960.00
18.66	18.90	927.00
18.67	18.90	852.00
18.68	18.90	760.00
18.69	18.90	638.00
18.70	18.90	627.00
18.71	18.90	651.00
18.72	18.90	689.00
18.73	18.90	701.00
18.74	18.90	701.00
18.75	18.90	737.00
18.76	18.90	766.00
18.77	18.90	793.00
18.78	18.90	811.00
18.79	18.90	821.00
18.80	18.90	808.00
18.81	18.90	829.00
18.82	18.90	851.00
18.83	18.90	859.00
18.84	18.90	880.00
18.85	18.90	925.00
18.86	18.90	897.00
18.87	18.90	861.00
18.88	18.90	847.00
18.89	18.90	855.00
18.90	18.90	878.00
18.91	18.90	939.00
18.92	18.90	973.00
18.93	18.90	973.00
18.94	18.90	963.00
18.95	18.90	966.00
18.55	18.91	593.00
18.56	18.91	914.00
18.57	18.91	956.00
18.58	18.91	977.00
18.59	18.91	985.00
18.60	18.91	984.00
18.61	18.91	974.00
18.62	18.91	982.00
18.63	18.91	979.00
18.64	18.91	983.00
18.65	18.91	968.00
18.66	18.91	975.00
18.67	18.91	964.00
18.68	18.91	939.00
18.69	18.91	855.00
18.70	18.91	742.00
18.71	18.91	631.00
18.72	18.91	634.00
18.73	18.91	664.00
18.74	18.91	662.00
18.75	18.91	676.00
18.76	18.91	703.00
18.77	18.91	733.00
18.78	18.91	743.00
18.79	18.91	784.00
18.80	18.91	787.00
18.81	18.91	767.00
18.82	18.91	776.00
18.83	18.91	804.00
18.84	18.91	821.00
18.85	18.91	854.00
18.86	18.91	871.00
18.87	18.91	881.00
18.88	18.91	862.00
18.89	18.91	842.00
18.90	18.91	856.00
18.91	18.91	874.00
18.92	18.91	941.00
18.93	18.91	968.00
18.94	18.91	957.00
18.95	18.91	960.00
18.55	18.92	602.00
18.56	18.92	910.00
18.57	18.92	963.00
18.58	18.92	970.00
18.59	18.92	978.00
18.60	18.92	985.00
18.61	18.92	984.00
18.62	18.92	980.00
18.63	18.92	983.00
18.64	18.92	992.00
18.65	18.92	985.00
18.66	18.92	985.00
18.67	18.92	973.00
18.68	18.92	982.00
18.69	18.92	960.00
18.70	18.92	932.00
18.71	18.92	861.00
18.72	18.92	734.00
18.73	18.92	650.00
18.74	18.92	623.00
18.75	18.92	646.00
18.76	18.92	668.00
18.77	18.92	679.00
18.78	18.92	689.00
18.79	18.92	728.00
18.80	18.92	749.00
18.81	18.92	741.00
18.82	18.92	744.00
18.83	18.92	732.00
18.84	18.92	755.00
18.85	18.92	790.00
18.86	18.92	813.00
18.87	18.92	847.00
18.88	18.92	861.00
18.89	18.92	861.00
18.90	18.92	841.00
18.91	18.92	846.00
18.92	18.92	868.00
18.93	18.92	937.00
18.94	18.92	947.00
18.95	18.92	951.00
18.55	18.93	607.00
18.56	18.93	891.00
18.57	18.93	947.00
18.58	18.93	963.00
18.59	18.93	973.00
18.60	18.93	981.00
18.61	18.93	977.00
18.62	18.93	976.00
18.63	18.93	982.00
18.64	18.93	984.00
18.65	18.93	984.00
18.66	18.93	989.00
18.67	18.93	980.00
18.68	18.93	984.00
18.69	18.93	987.00
18.70	18.93	974.00
18.71	18.93	957.00
18.72	18.93	933.00
18.73	18.93	843.00
18.74	18.93	714.00
18.75	18.93	645.00
18.76	18.93	630.00
18.77	18.93	630.00
18.78	18.93	654.00
18.79	18.93	656.00
18.80	18.93	673.00
18.81	18.93	691.00
18.82	18.93	703.00
18.83	18.93	719.00
18.84	18.93	707.00
18.85	18.93	709.00
18.86	18.93	760.00
18.87	18.93	787.00
18.88	18.93	806.00
18.89	18.93	837.00
18.90	18.93	853.00
18.91	18.93	837.00
18.92	18.93	846.00
18.93	18.93	860.00
18.94	18.93	931.00
18.95	18.93	929.00
18.55	18.94	590.00
18.56	18.94	901.00
18.57	18.94	948.00
18.58	18.94	964.00
18.59	18.94	966.00
18.60	18.94	972.00
18.61	18.94	985.00
18.62	18.94	982.00
18.63	18.94	977.00
18.64	18.94	979.00
18.65	18.94	988.00
18.66	18.94	986.00
18.67	18.94	988.00
18.68	18.94	992.00
18.69	18.94	987.00
18.70	18.94	982.00
18.71	18.94	966.00
18.72	18.94	954.00
18.73	18.94	949.00
18.74	18.94	889.00
18.75	18.94	797.00
18.76	18.94	693.00
18.77	18.94	618.00
18.78	18.94	607.00
18.79	18.94	609.00
18.80	18.94	625.00
18.81	18.94	636.00
18.82	18.94	636.00
18.83	18.94	649.00
18.84	18.94	656.00
18.85	18.94	661.00
18.86	18.94	668.00
18.87	18.94	688.00
18.88	18.94	735.00
18.89	18.94	773.00
18.90	18.94	801.00
18.91	18.94	835.00
18.92	18.94	831.00
18.93	18.94	838.00
18.94	18.94	847.00
18.95	18.94	902.00
18.55	18.95	571.00
18.56	18.95	873.00
18.57	18.95	932.00
18.58	18.95	956.00
18.59	18.95	958.00
18.60	18.95	973.00
18.61	18.95	973.00
18.62	18.95	974.00
18.63	18.95	977.00
18.64	18.95	976.00
18.65	18.95	981.00
18.66	18.95	992.00
18.67	18.95	984.00
18.68	18.95	979.00
18.69	18.95	979.00
18.70	18.95	978.00
18.71	18.95	977.00
18.72	18.95	967.00
18.73	18.95	950.00
18.74	18.95	934.00
18.75	18.95	890.00
18.76	18.95	833.00
18.77	18.95	744.00
18.78	18.95	670.00
18.79	18.95	591.00
18.80	18.95	573.00
18.81	18.95	588.00
18.82	18.95	592.00
18.83	18.95	587.00
18.84	18.95	597.00
18.85	18.95	602.00
18.86	18.95	621.00
18.87	18.95	625.00
18.88	18.95	645.00
18.89	18.95	669.00
18.90	18.95	719.00
18.91	18.95	750.00
18.92	18.95	797.00
18.93	18.95	807.00
18.94	18.95	808.00
18.95	18.95	813.00
18.55	18.96	561.00
18.56	18.96	849.00
18.57	18.96	905.00
18.58	18.96	928.00
18.59	18.96	950.00
18.60	18.96	959.00
18.61	18.96	965.00
18.62	18.96	973.00
18.63	18.96	974.00
18.64	18.96	971.00
18.65	18.96	970.00
18.66	18.96	972.00
18.67	18.96	974.00
18.68	18.96	974.00
18.69	18.96	979.00
18.70	18.96	976.00
18.71	18.96	977.00
18.72	18.96	954.00
18.73	18.96	959.00
18.74	18.96	929.00
18.75	18.96	886.00
18.76	18.96	845.00
18.77	18.96	802.00
18.78	18.96	757.00
18.79	18.96	699.00
18.80	18.96	627.00
18.81	18.96	553.00
18.82	18.96	552.00
18.83	18.96	542.00
18.84	18.96	538.00
18.85	18.96	547.00
18.86	18.96	549.00
18.87	18.96	568.00
18.88	18.96	582.00
18.89	18.96	592.00
18.90	18.96	595.00
18.91	18.96	623.00
18.92	18.96	683.00
18.93	18.96	730.00
18.94	18.96	759.00
18.95	18.96	765.00
