@ NAME             %09s "TRACKLOSS"
@ TYPE             %09s "TRACKLOSS"
@ TITLE            %29s "SIS100 test implementing SpCh"
@ ORIGIN           %16s "5.04.02 Linux 64"
@ DATE             %08s "12/06/19"
@ TIME             %08s "01.48.09"
*     NUMBER       TURN                  X                 PX                  Y                 PY                  T                 PT                  S                  E ELEMENT            
$         %d         %d                %le                %le                %le                %le                %le                %le                %le                %le %s                 
        371         38    -0.002356634936     0.001454172826     -0.02119272907    -0.002008292497        27.02041817     0.000160892551        766.3845668        9.617699811 "S54MP3E"          
        403         39     0.004605183522     0.001913890686     -0.03251454673    -0.002467681596       -15.19334306     0.000635746891        395.1401334        9.617699811 "S33QD11..1"       
         79         41    -0.001022873616     0.001378437409     -0.03260132036   -0.0007323470464       -36.22169041    0.0002333643826        537.3326501        9.617699811 "S3EQD11..3"       
        898         45    -0.003049838943    -0.001215760119      0.03277119489     0.002638737954       -20.32305275    0.0004714830899        511.2401473        9.617699811 "S3CQD11..1"       
         18         47    -0.002763481535     0.000740190598     -0.02156153214    -0.001998450554       -2.370392447   -0.0005079191421        766.3845668        9.617699811 "S54MP3E"          
        274         47    -0.009290206856   -0.0007690076205       0.0322313261     0.002241557376        18.73042584    0.0002716991333        807.9401714        9.617699811 "S57QD11..1"       
        781         49     0.005248229697     0.001695047571     -0.03242154711     -0.00158832779        10.70757714    0.0002995937359        833.8864251        9.617699811 "S59QD11..2"       
        655         50    0.0004053521144   -0.0002041543278      0.03252951299     0.001417433406        21.76773471    0.0002138864602        304.9863769        9.617699811 "S2AQD11..2"       
        337         51     0.002496422811   -0.0007929132458      0.03260387488     0.002608818923       -7.583255921   -0.0002616919398        304.8401269        9.617699811 "S2AQD11..1"       
         51         52    0.0001034215434     0.001369484748     -0.02186462888    -0.002313988628       -20.19145014   -0.0003433117396        766.3845668        9.617699811 "S54MP3E"          
        440         53     0.006637315897   -0.0009133042507      0.02117107404     0.002076895208       -41.21829358   -4.559612795e-05        766.3845668        9.617699811 "S54MP3E"          
        736         53     0.003790360068    0.0002715982993     -0.02119013742    -0.001935885563       -33.23221405    8.801657554e-05        766.3845668        9.617699811 "S54MP3E"          
        709         54     0.002449488152     0.001758122418     -0.03267388703    -0.001479750241       -27.69015178     0.000174266738        395.2863834        9.617699811 "S33QD11..2"       
        606         54    -0.004379583756   -0.0007126695902      0.03244297873    0.0004050775278        13.87574743    0.0002479078533        924.3325835        9.617699811 "S62QD11..3"       
         16         56     0.001677870421    -4.26255684e-05     -0.02102949618    -0.002382059089       -15.13864449   -0.0001854649313        766.3845668        9.617699811 "S54MP3E"          
        250         56    0.0006708119471    0.0006717515227     -0.02114563261    -0.002517768979        20.12511225   -8.348106977e-05        766.3845668        9.617699811 "S54MP3E"          
        144         56    -0.004365379753    -0.001122007706      0.03247067782    0.0002712960656        10.73974668    0.0001332643458        924.3325835        9.617699811 "S62QD11..3"       
        662         56     0.008168365199     0.001402359497     -0.03230409039    -0.001630963682       -4.370479644    0.0005598180654        949.9863335        9.617699811 "S64QD11..2"       
        411         58     0.001004447847   -6.872284151e-05      0.03266189364     0.001729315581        16.29395829    0.0005161922747        304.9863769        9.617699811 "S2AQD11..2"       
        366         58    -0.002052890191     0.001535608185     -0.02179424883    -0.002065363302       -20.63176103   -0.0002118001971        766.3845668        9.617699811 "S54MP3E"          
        815         59    -0.006796796297    2.772567465e-05      0.03253062648        0.002633809       -2.136357865    0.0003979305742        304.8401269        9.617699811 "S2AQD11..1"       
        631         59    1.641578353e-05    -0.001212739104      0.03252070107     0.001565858689        45.95940929   -0.0001274543554        304.9863769        9.617699811 "S2AQD11..2"       
        185         59   -0.0007568657324      0.00154503981     -0.03272137929    -0.002681287508        -5.01901669    3.285419328e-07        833.7401751        9.617699811 "S59QD11..1"       
        486         60     0.003249534228     0.001382407413     -0.03260326923    -0.001702115072        15.55204336    6.269094385e-05        395.2863834        9.617699811 "S33QD11..2"       
        556         61    -0.003593027855    -0.001571463368       0.0324659512     0.002470317966        23.90112916   -1.627752207e-05        511.2401473        9.617699811 "S3CQD11..1"       
        416         63    -0.002627858695     0.001254809777     -0.02217883582    -0.002065168346       -11.95908256   -0.0003609502357        766.3845668        9.617699811 "S54MP3E"          
        201         65    0.0001088460854    -0.001407531667        0.032652539     0.002513919647       -11.52071399   -2.076722557e-05        627.3401547        9.617699811 "S47QD11..1"       
         31         65    -0.006185551567    0.0005095396168     -0.02105727765    -0.002585036736       -43.47809998     2.48039455e-05        766.3845668        9.617699811 "S54MP3E"          
        159         65     -0.01122434015      0.00170299363     -0.02104857211    -0.002219397254       -9.625701563   -0.0001478240025        766.3845668        9.617699811 "S54MP3E"          
        841         65     0.006589517095   -0.0009931258568      0.02156034551     0.001995734186       -14.72761753    -0.000432757909        766.3845668        9.617699811 "S54MP3E"          
         61         65     0.002377209356    0.0008389455842     -0.03261177567     -0.00264796841        10.49118193    0.0004476399996        833.7401751        9.617699811 "S59QD11..1"       
        692         67     0.003302766311    0.0006919659412     -0.02151134121    -0.002148620829       -46.09909754    0.0001829415418        766.3845668        9.617699811 "S54MP3E"          
        732         67     0.002500801993     0.001517121986     -0.03265640991     -0.00174434231       -32.23373204    0.0001648224019        833.8864251        9.617699811 "S59QD11..2"       
        611         68    -0.004391967423     0.001354529989     -0.02119846601    -0.002604030728        16.81360055   -4.303559272e-05        766.3845668        9.617699811 "S54MP3E"          
         57         70   -0.0004736538001    0.0006033679426     -0.02126889478    -0.002170415388       -4.046028109    0.0001097366223        766.3845668        9.617699811 "S54MP3E"          
        629         72     0.002055229577    0.0006860428228     -0.03255367865    -0.001445488215         3.70019194    0.0005429533786        395.2863834        9.617699811 "S33QD11..2"       
        147         73    -0.004285468353     0.001638254629     -0.02181048839    -0.002242567844       -16.26265491   -6.479161473e-05        766.3845668        9.617699811 "S54MP3E"          
        487         73    -0.005474021884    0.0005047898434     -0.02179866642      -0.0021787001       -47.02418511   -0.0003534938247        766.3845668        9.617699811 "S54MP3E"          
        367         74    -0.008443604673    0.0006228454772     -0.02102613362    -0.002378711574        14.69739643   -0.0004547407854        766.3845668        9.617699811 "S54MP3E"          
        835         74     0.003270656414     0.001018474398     -0.02108702093    -0.002385846225        32.67481361   -2.962172068e-05        766.3845668        9.617699811 "S54MP3E"          
        114         75    -0.002933292034      -0.0016632129      0.03257469038      0.00153182441       -12.71602129   -8.940717062e-06        304.9863769        9.617699811 "S2AQD11..2"       
        862         75    -0.005143556455   -0.0003258344349        0.032428847     0.001579856376        -5.94240973    5.146807748e-05        304.9863769        9.617699811 "S2AQD11..2"       
        996         75     0.003530465425   -0.0006856509296      0.03254091098      0.00150291221       -24.87839057    0.0004849481813        924.1863335        9.617699811 "S62QD11..2"       
        836         75   -0.0002404884398     0.001548098209     -0.03251337206   -0.0007536467193        6.198413307   -6.312576034e-05        950.1325835        9.617699811 "S64QD11..3"       
        887         78    -0.008707428819    -0.001480003504      0.03230333314    0.0005808586771        12.24115194    0.0001808523228        627.6326547        9.617699811 "S47QD11..3"       
        122         78    -0.003538490674     0.001067718146     -0.02136874794    -0.002622981691       -16.22233294   -0.0001809441994        766.3845668        9.617699811 "S54MP3E"          
        922         78     -0.01096483021    0.0008132426691     -0.02103002257    -0.002595214765       -34.01419826   -0.0003434622236        766.3845668        9.617699811 "S54MP3E"          
        531         78      0.00668950931       0.0010515242      -0.0323900828     -0.00166509648        28.33677046    0.0001220786373        949.9863335        9.617699811 "S64QD11..2"       
        616         79    -0.005123901944    0.0006054288178     -0.02126844381     -0.00200713572       -5.415380672    0.0001439220631        766.3845668        9.617699811 "S54MP3E"          
        357         79    -0.007429844623    -0.001138701101      0.03234994086    0.0003066138867       -19.05976438    0.0003004953693        808.2326714        9.617699811 "S57QD11..3"       
         46         80   -0.0009092236731     0.001051240563     -0.02118940179    -0.002159709022         43.5240468   -0.0004352988365        766.3845668        9.617699811 "S54MP3E"          
        559         81     0.008299519033   -0.0002936059547      0.03229638866     0.002553302816       -26.23733623     -0.00028513186        304.8401269        9.617699811 "S2AQD11..1"       
        978         81   -0.0005525541184     -0.00152152788      0.02123463043     0.002486310694        -3.57119983   -4.583451696e-05        766.3845668        9.617699811 "S54MP3E"          
        553         81    -0.002473552883    -0.001476000658      0.03256012778     0.002369544644        4.993235225   -1.820732864e-06        807.9401714        9.617699811 "S57QD11..1"       
        426         83    -0.000408288299    -0.001000906672       0.0325376744    0.0006352211787       -3.307798883    8.192653604e-05        627.6326547        9.617699811 "S47QD11..3"       
        508         83    -0.005695764388     0.001105094231     -0.02140623581    -0.002439896555    -0.007410924437    6.832577472e-05        766.3845668        9.617699811 "S54MP3E"          
        847         84    -0.004150300947    0.0003587305036     -0.02112811009    -0.001967137837        16.51747137   -0.0001431275107        766.3845668        9.617699811 "S54MP3E"          
          3         85     0.004707686623   -7.118433982e-05     -0.02121569344     -0.00214404165        13.01267751    0.0001183669923        766.3845668        9.617699811 "S54MP3E"          
        769         85    0.0009083111222   -3.200647262e-05     -0.02123106591    -0.002219983144      -0.7263968167   -0.0003570888013        766.3845668        9.617699811 "S54MP3E"          
        990         85     0.003117036444     0.001226438192     -0.03261177251    -0.001510892216        46.26713457   -0.0003074521403        949.9863335        9.617699811 "S64QD11..2"       
        328         86    -0.007217953735     0.001384810461     -0.02156942975    -0.002432106976       -56.03799661     4.00355519e-05        766.3845668        9.617699811 "S54MP3E"          
        558         89     -0.00137445675    -0.001022542598      0.02126807991     0.002446280292        10.38215748   -0.0001603692211        766.3845668        9.617699811 "S54MP3E"          
        751         89     0.001459473733    0.0004893125107     -0.02131663804    -0.002401458601       -10.75033221    9.641162138e-06        766.3845668        9.617699811 "S54MP3E"          
        434         90      0.00204133506   -0.0006443371991      0.02161648668     0.002181546911        3.141163472   -0.0004336742691        766.3845668        9.617699811 "S54MP3E"          
        760         90    -0.007359079623     0.001105276429     -0.02104150312    -0.002698520689        16.37262765   -0.0002924261627        766.3845668        9.617699811 "S54MP3E"          
        679         91    -0.001362596586    0.0005101112422     -0.02151010747    -0.001835312555        32.44442938   -0.0003509112618        766.3845668        9.617699811 "S54MP3E"          
        979         91     0.006017776636     0.001035272119     -0.02105595068     -0.00240733383        14.84775151    0.0001913212104        766.3845668        9.617699811 "S54MP3E"          
        603         91    -0.003310251614    -0.001792026693      0.03247553271    0.0003762185213       -7.441434602    7.644931981e-05        808.2326714        9.617699811 "S57QD11..3"       
        583         93    -0.001087881923   -0.0008680883311      0.03251819817    0.0004601572506       -5.494763484   -6.906174737e-05        924.3325835        9.617699811 "S62QD11..3"       
        119         94   -0.0009447982941    0.0007868719217     -0.02149513729    -0.002494428125        58.39007779   -0.0003208867427        766.3845668        9.617699811 "S54MP3E"          
        663         94    -0.000174661437     0.001287399096        -0.02100263    -0.002658324092        11.48558032    2.730073521e-05        766.3845668        9.617699811 "S54MP3E"          
        705         97     0.007367142826     0.001388278849      -0.0323455769   -0.0005474050907       -11.76563613    0.0004969480217        395.4326334        9.617699811 "S33QD11..3"       
        301         97    -0.004960974844    0.0006222657581     -0.02146435514    -0.002189174812      -0.7755378334   -0.0001766572335        766.3845668        9.617699811 "S54MP3E"          
        646         98     -0.00706760952    -0.000880646005       0.0325288091     0.001555579838        29.21506869    3.342411391e-05        304.9863769        9.617699811 "S2AQD11..2"       
         39         98     0.002249211926    0.0003630754061     -0.02154731993    -0.002291480618       -6.948570456   -1.473116225e-05        766.3845668        9.617699811 "S54MP3E"          
        525         98    -0.008882791475    0.0007243975863     -0.02129295336    -0.002471961757       -31.10507445   -0.0002810428351        766.3845668        9.617699811 "S54MP3E"          
        634         98     0.003933777766   -7.208065885e-05     -0.02172211967    -0.002249728077        19.71842786   -0.0006225751378        766.3845668        9.617699811 "S54MP3E"          
        994         98     0.003746656468    0.0006277417737     -0.02119305135    -0.002278614504        5.500413748    0.0001821717938        766.3845668        9.617699811 "S54MP3E"          
        820         99     0.002709593168    0.0001673331348     -0.02126513315    -0.002074880045       -25.43331205   -0.0001160567156        766.3845668        9.617699811 "S54MP3E"          
        241        103    -0.000609533199    0.0006553949907     -0.02200358529    -0.002079712609       -6.217986668   -0.0004027548365        766.3845668        9.617699811 "S54MP3E"          
        296        103   -0.0008086864374   -0.0003007508533      0.03262305078     0.001381515399       -5.898105197    0.0006125416833        1040.286345        9.617699811 "S6BQD11..2"       
        880        104     0.005960102963   -0.0004315347576      0.03237814363     0.001732004166       -23.69525281    0.0001303652046        304.9863769        9.617699811 "S2AQD11..2"       
        794        104     0.000548258968    0.0009168843433     -0.03259466963    -0.001518516099        21.91773657   -0.0001570341693        395.2863834        9.617699811 "S33QD11..2"       
        512        106    -0.003277817777   -0.0005614055505      0.03251946397     0.002545572318       -16.41244146    7.378031973e-06        304.8401269        9.617699811 "S2AQD11..1"       
        668        106    -0.005019998675   -0.0005975133651      0.03273531524     0.002531265819         4.29478015   -1.715668719e-05        304.8401269        9.617699811 "S2AQD11..1"       
        857        106     0.006806318493    0.0007408324628     -0.02122614841    -0.002366570524          8.2570239    1.447771958e-05        766.3845668        9.617699811 "S54MP3E"          
        638        107   -0.0001294537796    0.0005015436646     -0.03258671083    -0.001654027643        12.66248282    0.0006098786432        833.8864251        9.617699811 "S59QD11..2"       
        642        109    -0.003390499229    0.0001928032792      0.03257702483      0.00152099686        2.259759117    0.0002506979519        304.9863769        9.617699811 "S2AQD11..2"       
        394        109    -0.007312512782    0.0002918853731     -0.03243817554    -0.001313286839       -26.99660179    0.0004771356562        717.7864168        9.617699811 "S4EQD11..2"       
         67        111    0.0008775045634   -0.0007064975247      0.02106824186     0.002307664449        2.096902839   -0.0003189220928        766.3845668        9.617699811 "S54MP3E"          
        449        113     0.001655024619     0.001312077393     -0.03249391061   -0.0007630561614        11.96707378   -0.0001687410746        537.3326501        9.617699811 "S3EQD11..3"       
        310        114     0.001053424457    -0.000266800559      0.03255305903     0.001563048265        7.006501221    0.0003825116025        188.8863667        9.617699811 "S21QD11..2"       
        239        114     0.001475913552    0.0006330398152     -0.02106065088    -0.002235638016       -20.17510872   -1.165138011e-05        766.3845668        9.617699811 "S54MP3E"          
        678        116    -0.004583736332    0.0004676156103     -0.02112485867    -0.001891112901       -13.71478879   -0.0003984050504        766.3845668        9.617699811 "S54MP3E"          
        132        117     0.004543440341   -5.310444941e-05       0.0325500628     0.001764294326       -29.71690571    0.0001754714986        304.9863769        9.617699811 "S2AQD11..2"       
        120        117    -0.001967024474     0.001159399876      -0.0212659107    -0.002397388831       -1.701373657   -0.0001370201996        766.3845668        9.617699811 "S54MP3E"          
        218        117    -0.003571393631     0.001547550395     -0.02127755432    -0.002203015902       -60.24615589    0.0002641759864        766.3845668        9.617699811 "S54MP3E"          
        103        118    -0.002970003257      0.00166799823     -0.02203270861    -0.001914212075        4.682972388   -0.0005011914434        766.3845668        9.617699811 "S54MP3E"          
        427        120     0.004707601612     0.001456306781     -0.03252542278    -0.001695333427         5.64498607   -0.0003982370175        949.9863335        9.617699811 "S64QD11..2"       
        876        121    -0.001940356043   -0.0008233069328      0.03250083791    0.0004834692821       -0.678477983    0.0002640639622        924.3325835        9.617699811 "S62QD11..3"       
        789        123    -0.003434595706     0.000976278959     -0.02156010994    -0.001860758698        34.20616085   -0.0004300754116        766.3845668        9.617699811 "S54MP3E"          
        873        125     0.005107163476    0.0002812827854      0.03243815867     0.001731792685        6.250263433    0.0003491848911        304.9863769        9.617699811 "S2AQD11..2"       
         21        130     0.002821740527    0.0006820213829     -0.02100637706    -0.002116106654         1.60299699   -0.0001864868162        766.3845668        9.617699811 "S54MP3E"          
         52        132    0.0007974182746    0.0008390494673     -0.02116849926    -0.002370851276        1.665267919    -0.000275186537        766.3845668        9.617699811 "S54MP3E"          
        447        133    -0.001984871782   -0.0002574971003      0.03251726138     0.001662328612       0.3153949649    0.0002731426794        304.9863769        9.617699811 "S2AQD11..2"       
        660        133    0.0003890521688   -0.0004289597691      0.02118533729      0.00248709983        7.317635081   -0.0004226757955        766.3845668        9.617699811 "S54MP3E"          
        921        133     -0.00143553054    7.615593596e-05     -0.02135628069    -0.002327810789        4.449733294    6.716638562e-05        766.3845668        9.617699811 "S54MP3E"          
        578        134    -0.007074889429   -0.0001890838147      0.03247708449     0.002520652365        5.073758824    0.0005090704528        304.8401269        9.617699811 "S2AQD11..1"       
        941        134     0.005771861488    0.0008642984964     -0.02167055993    -0.002329563727        19.67097687   -0.0004923252517        766.3845668        9.617699811 "S54MP3E"          
        998        134      0.00597818473    0.0007205144929     -0.02103190068    -0.001716521174        9.503649622   -0.0002912955466        766.3845668        9.617699811 "S54MP3E"          
        840        135     0.007151550529   -8.685865195e-05     -0.02120039178    -0.002204260957       0.9093655801   -0.0001476557901        766.3845668        9.617699811 "S54MP3E"          
        161        136     0.001585469611     0.000304416194      0.03252145098    0.0005252871619        6.386744963    0.0002243535526        305.1326269        9.617699811 "S2AQD11..3"       
        246        137    -0.001703269566   -0.0007045511883      0.03252031061    0.0004624502186        2.345285358    0.0004463416788        305.1326269        9.617699811 "S2AQD11..3"       
        141        137    -0.002972711882   -0.0003425028551      0.02105103527     0.002060696552        31.82368154   -0.0005111609122        766.3845668        9.617699811 "S54MP3E"          
        297        139     0.001520494813   -0.0003020959825      0.03251363776     0.001549200358       -3.130170658   -0.0003495977317        304.9863769        9.617699811 "S2AQD11..2"       
        291        140     0.002293653353   -0.0002911725549     -0.02122595244    -0.001943566724       -33.56956696   -1.580186345e-05        766.3845668        9.617699811 "S54MP3E"          
        220        141    -0.002172443308    -6.91953496e-05       0.0211328759     0.002458097608        5.367452275   -2.874700224e-05        766.3845668        9.617699811 "S54MP3E"          
         78        142     0.006243561278   -0.0001239896444     -0.02113930963    -0.002211408611        3.158199339   -0.0001106131216        766.3845668        9.617699811 "S54MP3E"          
        563        149   -0.0005906936009   -2.492920817e-05      -0.0211158851    -0.001987383759        56.50810378   -0.0003525702639        766.3845668        9.617699811 "S54MP3E"          
        545        158    -0.002227020735    -0.000314031881      0.03259589675     0.001820093486        10.26078912    0.0006566398589        304.9863769        9.617699811 "S2AQD11..2"       
         66        161    -0.008932738823    0.0009482542712     -0.03265916196    -0.002417892399       -6.608632176    0.0004949872701        717.6401668        9.617699811 "S4EQD11..1"       
         95        162    -0.008267039449    5.487257394e-05      -0.0323338052    -0.001416355794        -7.14962614    0.0004684856183        395.2863834        9.617699811 "S33QD11..2"       
        838        172     0.005923089401    0.0002055475895      -0.0216154142    -0.002115791225       -5.048944047   -0.0003686694546        766.3845668        9.617699811 "S54MP3E"          
        415        177    0.0003169455123   -0.0008853328625      0.03255903429     0.001673570722          13.598603    0.0006099204577        511.3863973        9.617699811 "S3CQD11..2"       
        557        189     0.005613516388   -3.655460331e-05     -0.02136357328    -0.001758361468       -6.006907753   -0.0003196763317        766.3845668        9.617699811 "S54MP3E"          
         88        190    -0.002174467584   -0.0005213737166      0.02105822669     0.002346686734        5.271801558   -0.0005292856716        766.3845668        9.617699811 "S54MP3E"          
        256        190    -0.004694022262    0.0006897351667     -0.02147453479     -0.00243227498         -25.281603   -0.0003543422858        766.3845668        9.617699811 "S54MP3E"          
        787        191    -0.005106049642     0.001174949506     -0.03253344831    -0.002581878074        2.535318897    0.0004564433791        807.9401714        9.617699811 "S57QD11..1"       
        391        194      0.00222515534     0.001257312153     -0.03254898118   -0.0005286288744       -7.698216933    0.0005397372064        717.9326668        9.617699811 "S4EQD11..3"       
        649        196     0.005568082112    -0.001328406756      0.03251714586     0.002585942077       -9.751738655    0.0006915893594        304.8401269        9.617699811 "S2AQD11..1"       
        499        197    -0.001460634275     0.001096384794     -0.02188560286    -0.002132110298       -15.38953907   -0.0004891845432        766.3845668        9.617699811 "S54MP3E"          
        249        197   -9.140763997e-05     0.000411628899     -0.03261860107    -0.001642929116        41.04942443    0.0002727290369        949.9863335        9.617699811 "S64QD11..2"       
        205        198    -0.005143081316    -0.001249962023      0.03278070058      0.00262060835         15.2472404    0.0005378715132        304.8401269        9.617699811 "S2AQD11..1"       
        544        201     0.006924079409    4.272648536e-05     -0.02129823936    -0.002309177101       -26.13431648   -0.0003398195016        766.3845668        9.617699811 "S54MP3E"          
        478        209     -0.00596581009    -0.000259344215      0.03239552135    0.0005734274162       -26.57368743   -0.0002539032826        305.1326269        9.617699811 "S2AQD11..3"       
        441        212      0.00260179832    0.0009384581882     -0.02178361951    -0.002448030271       -15.48793213   -0.0003790062843        766.3845668        9.617699811 "S54MP3E"          
        685        217     0.008692763022    0.0009814196365     -0.03224244178    -0.000534631952       -28.16485906    0.0005335320998        834.0326751        9.617699811 "S59QD11..3"       
        596        221     0.003450935107    0.0002286827486     -0.02169197383    -0.002014246857       -22.27757973   -0.0002721379543        766.3845668        9.617699811 "S54MP3E"          
        739        222     0.007824892467    0.0008225848557     -0.03237783056    -0.001520384135        -6.14529939    0.0006297376195        395.2863834        9.617699811 "S33QD11..2"       
        193        225    -0.006034751555    0.0009455815795     -0.02142531763    -0.002160237333       -13.66114751   -0.0005529411933        766.3845668        9.617699811 "S54MP3E"          
        276        229    -0.003455280546    -0.001042327188      0.03265138173     0.001415220152        23.96503562    0.0003409695412        808.0864214        9.617699811 "S57QD11..2"       
        738        239    -0.001950185623    0.0003138622868     -0.02111806994    -0.002306525525         17.1665139    0.0001120624435        766.3845668        9.617699811 "S54MP3E"          
        747        253   -0.0004473479558     0.001158010934     -0.03260678324    -0.002647607242         18.8056485    0.0004071834422        833.7401751        9.617699811 "S59QD11..1"       
        498        256    0.0008319803479    0.0004476866001       0.0325315662    0.0005195889551       -15.00997802    0.0006438754631        305.1326269        9.617699811 "S2AQD11..3"       
        969        264    0.0005172228964    0.0007697603514      -0.0216264738    -0.002110739487         18.2517452    9.468719164e-05        766.3845668        9.617699811 "S54MP3E"          
        904        289    0.0008148882292    0.0001839222155     -0.02132490359      -0.0023113239        17.10914537    8.087476426e-05        766.3845668        9.617699811 "S54MP3E"          
        892        333   -0.0008742454032    0.0005326609879      -0.0325571669   -0.0006584848823        4.262831802    0.0002529631876        950.1325835        9.617699811 "S64QD11..3"       
        550        353   -0.0001994428159   -0.0005734160216      0.03252149698    0.0004363297789        4.288628051     0.000367100389        924.3325835        9.617699811 "S62QD11..3"       
        966        357     0.004921869696    0.0006542021373     -0.02141357694    -0.002212861108       -11.01574404   -0.0005319070082        766.3845668        9.617699811 "S54MP3E"          
        204        369   -7.701174789e-05     0.001064323384     -0.02119117639    -0.002274968904       -5.285192223    0.0002853434898        766.3845668        9.617699811 "S54MP3E"          
        866        381     0.005621026716      -0.0003972868      0.03246837697     0.001535585604        2.178705543    0.0002161215038        304.9863769        9.617699811 "S2AQD11..2"       
        131        389    0.0009786357831   -0.0007556651839      0.03249996536     0.001495272023        10.79292683    0.0002011691339        924.1863335        9.617699811 "S62QD11..2"       
        552        390    -0.001883911735    0.0002823819407      0.03257577042     0.001510500357        7.700532005    0.0003174510602        304.9863769        9.617699811 "S2AQD11..2"       
        621        391    -0.005698442241   -0.0006165875054      0.03246505271     0.002213872614       -14.41311505    0.0004442580472        807.9401714        9.617699811 "S57QD11..1"       
        458        394   -0.0008253587907   -0.0003286311243      0.03258717007    0.0006976547919        -8.36145252    0.0005277819183        627.6326547        9.617699811 "S47QD11..3"       
        684        399    -0.004300830851   -0.0006076138009      0.03243578334     0.002315096882       -8.352374615    0.0004486633886        807.9401714        9.617699811 "S57QD11..1"       
        806        408    0.0002168038843    0.0001007599292     -0.02110721233    -0.002140992646       -11.40726849   -0.0001889574974        766.3845668        9.617699811 "S54MP3E"          
        206        427    -0.003254360401    0.0005546569915     -0.02165403844    -0.002397169763       -13.15158816   -0.0001398617597        766.3845668        9.617699811 "S54MP3E"          
        783        430    -0.001543173485     0.001074556646      -0.0325503613    -0.002688658048       -19.44581521   -0.0001748096223        833.7401751        9.617699811 "S59QD11..1"       
        213        439    0.0003322823128     0.000783238942     -0.02136445738    -0.001886837907       -13.53300183   -0.0001527869027        766.3845668        9.617699811 "S54MP3E"          
        672        440    -0.008015679929    0.0008520093928     -0.02102737955    -0.001856917299       -26.90409134   -0.0005626320956        766.3845668        9.617699811 "S54MP3E"          
        163        450     0.001218098963    0.0003451685296     -0.02157632485    -0.001779062429        38.76509897   -0.0004006750475        766.3845668        9.617699811 "S54MP3E"          
        926        470    -0.004526068957    7.921420518e-05     -0.02123611721    -0.001978840464       -25.06118153    1.675429172e-05        766.3845668        9.617699811 "S54MP3E"          
        330        481      0.00493488995   -3.009165489e-05     -0.02108727761    -0.002323466337       -10.20903944    8.302894034e-05        766.3845668        9.617699811 "S54MP3E"          
        542        530    -0.002123193658   -0.0009172189805      0.03262116825     0.001418188224        25.82795486     0.000331074069        304.9863769        9.617699811 "S2AQD11..2"       
         41        549     0.003322859205   -5.783174465e-05     -0.03258371432    -0.001500423463       -30.01765297    0.0004815890848        395.2863834        9.617699811 "S33QD11..2"       
        283        585     0.002905877288    4.108957815e-05       0.0325212647    0.0007380768269        32.71600216    0.0001949825766        305.1326269        9.617699811 "S2AQD11..3"       
        385        593     0.001617844012    0.0001664845032     -0.02139175939    -0.002450639562       -20.96429729   -0.0001656507562        766.3845668        9.617699811 "S54MP3E"          
        852        644   -0.0006536629936     0.000164469659     -0.02153810702     -0.00198887656        41.02419139   -0.0003500225589        766.3845668        9.617699811 "S54MP3E"          
        755        649    -0.001684244993   -0.0004530758151      0.03254344511     0.001687702698       -11.08401461    0.0005291629653        304.9863769        9.617699811 "S2AQD11..2"       
        987        656    -0.001352863573   -9.817949978e-05     -0.02105708312    -0.002173174933       -14.44697346    1.936456387e-05        766.3845668        9.617699811 "S54MP3E"          
        951        671     0.001426015838   -0.0008091101442      0.03249887142    0.0007146124631        7.788661198    0.0005492509815        305.1326269        9.617699811 "S2AQD11..3"       
        417        762     0.002169050766   -2.914914243e-05     -0.03253173867    -0.002544721031       -7.746939874    0.0004162870153        833.7401751        9.617699811 "S59QD11..1"       
        471        798    -0.002558753182    0.0003660957421     -0.02116448304    -0.002107301108        24.77557875    1.514029361e-05        766.3845668        9.617699811 "S54MP3E"          
        848        821    -0.001636288733    0.0002147257034     -0.02108437856    -0.002278692428       -2.673677129    -0.000162605235        766.3845668        9.617699811 "S54MP3E"          
        435        824    -0.006379525171    0.0005512920723     -0.02160017982    -0.002328898889       -3.211117678    0.0001518627947        766.3845668        9.617699811 "S54MP3E"          
        877        885   -1.215467607e-05   -0.0002213987134      0.03260695418     0.001775324627       -27.39788922    0.0004107590584        304.9863769        9.617699811 "S2AQD11..2"       
        145        896     -0.00378785941    0.0005102053339      0.03254131011     0.002526983882       -23.18569171    0.0004176359713        304.8401269        9.617699811 "S2AQD11..1"       
        710        914     -0.00222229728    0.0002646382407      0.03252934425     0.002650521955       -19.45034361     0.000465806928        304.8401269        9.617699811 "S2AQD11..1"       
        207        916    0.0001958519043    0.0004811859961      0.03252022149     0.001594353575       -20.69620341    0.0004409465537        304.9863769        9.617699811 "S2AQD11..2"       
        604        998    -0.003078294784   -0.0002540385784      0.03246947763     0.001555442816       -13.55098147    0.0004249718697        304.9863769        9.617699811 "S2AQD11..2"       
        720       1146    0.0009636554727    0.0005775663105     -0.02102042953    -0.002412085005        18.17163104    0.0002245919219        766.3845668        9.617699811 "S54MP3E"          
        109       1169    -0.003910515688    0.0006757390501     -0.02118103659    -0.001872353872       -23.05567658    -0.000126495799        766.3845668        9.617699811 "S54MP3E"          
        254       1259    -0.003151075902    0.0001139655033      0.03252731902    0.0006359967796       -33.39857582    0.0002660138504        305.1326269        9.617699811 "S2AQD11..3"       
        947       1291     0.002318662635     0.000324250976     -0.02102827168    -0.002157031602       -11.78288401    -0.000178117819        766.3845668        9.617699811 "S54MP3E"          
        166       1307    -0.002374250777    0.0003710580736     -0.02107884468    -0.002034940087       -23.08546432   -0.0001566287959        766.3845668        9.617699811 "S54MP3E"          
        627       1320    -0.001654480556   -0.0003927984453      0.03263857456     0.002635982355        31.44422842    0.0002909270951        304.8401269        9.617699811 "S2AQD11..1"       
        623       1326     0.003865685617     0.001031718592       -0.032469771   -0.0007468084892        4.895067441    0.0005980194648        950.1325835        9.617699811 "S64QD11..3"       
        343       1348   -0.0008578283857    0.0005401817578     -0.03251607116    -0.002566671879        17.82884106     0.000523728511        395.1401334        9.617699811 "S33QD11..1"       
        384       1371    -0.001929255877   -0.0002587736895      0.03266889128     0.001674733242        11.23631616    0.0004885677244        304.9863769        9.617699811 "S2AQD11..2"       
        639       2009    -0.000177875578   -0.0006121382207       0.0325012655    0.0007076820908        21.81143858    0.0004912420165        627.6326547        9.617699811 "S47QD11..3"       
        772       2093    -0.001277575647    0.0002276314257     -0.02104540193    -0.002095990618       -37.03580484   -0.0001115981955        766.3845668        9.617699811 "S54MP3E"          
        354       2105    4.465019691e-05    0.0002365922477     -0.02111721956    -0.002247309307       -5.015076451   -0.0004840974336        766.3845668        9.617699811 "S54MP3E"          
        854       2614   -0.0009804098059    0.0002186516871     -0.02127757948    -0.002046615765        30.31540064   -0.0001157581672        766.3845668        9.617699811 "S54MP3E"          
        423       3278    4.349635067e-05    0.0002150196839     -0.02103156977    -0.002213813758       -27.69956957    0.0001083089125        766.3845668        9.617699811 "S54MP3E"          
        832       3587     6.59624256e-05    8.092399761e-05      0.03252346637    0.0006388961351       -21.97246769    0.0004574199854        305.1326269        9.617699811 "S2AQD11..3"       
        988       3779   -0.0006966874229    0.0005895164586     -0.03263888766    -0.001701221512        17.37985226    0.0005210131043        833.8864251        9.617699811 "S59QD11..2"       
        202       4238    4.938014823e-05    0.0003265161038      0.03254384734    0.0004591837106       -11.81593832    0.0004450988322        305.1326269        9.617699811 "S2AQD11..3"       
        511       4243     -0.00500688232    0.0002028931549      0.03243383732    0.0006524931864       -18.78321804    0.0006160221718        305.1326269        9.617699811 "S2AQD11..3"       
        502       4919     0.003164658932    0.0004810720103     -0.03248134045    -0.001633928799        25.43276728    0.0005175634734        833.8864251        9.617699811 "S59QD11..2"       
        121       8627     0.001133470829   -0.0001065921797     -0.02102271539    -0.002166248847       -35.47788237   -0.0003525621607        766.3845668        9.617699811 "S54MP3E"          
        372      11871    -0.002559714069    0.0003561491482      0.03253977005    0.0005912720352       -19.60793278    0.0005888660244        305.1326269        9.617699811 "S2AQD11..3"       
        318      12999    -0.003859708847   -0.0005766464647      0.03247264554     0.001600740968        12.18281181    0.0005434818419        304.9863769        9.617699811 "S2AQD11..2"       
        406      13372    0.0003827159624    6.262706894e-05     -0.02101823006    -0.002311997684        10.41943844   -3.583388039e-05        766.3845668        9.617699811 "S54MP3E"          
        661      15131    -0.001352521204    0.0002318029475      0.03249626209     0.001666476394       -29.05853129    0.0003891329761        304.9863769        9.617699811 "S2AQD11..2"       
