# Qx	Qy	Survival mean	Survival std
18.55	18.55	858.56	54.71
18.56	18.55	993.33	10.57
18.57	18.55	999.44	1.26
18.58	18.55	999.78	0.42
18.59	18.55	999.22	1.31
18.60	18.55	998.78	0.92
18.61	18.55	998.89	1.59
18.62	18.55	999.11	0.99
18.63	18.55	997.78	2.39
18.64	18.55	998.56	1.50
18.65	18.55	990.44	13.24
18.66	18.55	983.67	24.25
18.67	18.55	990.33	13.46
18.68	18.55	994.89	4.91
18.69	18.55	996.22	2.30
18.70	18.55	989.33	6.96
18.71	18.55	981.56	19.32
18.72	18.55	990.11	10.42
18.73	18.55	993.44	5.56
18.74	18.55	983.89	15.95
18.75	18.55	993.78	6.36
18.76	18.55	999.11	0.99
18.77	18.55	997.56	3.65
18.78	18.55	999.56	0.68
18.79	18.55	998.78	1.40
18.80	18.55	998.11	2.81
18.81	18.55	996.33	4.42
18.82	18.55	995.67	3.62
18.83	18.55	988.11	9.53
18.84	18.55	976.78	19.01
18.85	18.55	978.22	24.37
18.86	18.55	984.33	16.93
18.87	18.55	965.11	35.51
18.88	18.55	975.78	26.02
18.89	18.55	974.67	31.46
18.90	18.55	943.22	70.00
18.91	18.55	969.44	62.97
18.92	18.55	972.33	29.17
18.93	18.55	955.33	46.67
18.94	18.55	970.22	36.74
18.95	18.55	966.56	30.25
18.55	18.56	986.67	19.03
18.56	18.56	869.22	52.23
18.57	18.56	994.33	9.19
18.58	18.56	1000.00	0.00
18.59	18.56	999.44	0.68
18.60	18.56	1000.00	0.00
18.61	18.56	999.89	0.31
18.62	18.56	999.56	0.68
18.63	18.56	999.33	0.94
18.64	18.56	999.11	0.87
18.65	18.56	992.56	11.92
18.66	18.56	986.22	23.11
18.67	18.56	990.44	14.58
18.68	18.56	995.89	5.15
18.69	18.56	992.33	5.93
18.70	18.56	988.44	6.41
18.71	18.56	987.00	11.46
18.72	18.56	957.11	48.81
18.73	18.56	989.44	9.15
18.74	18.56	989.11	11.93
18.75	18.56	997.33	3.46
18.76	18.56	1000.00	0.00
18.77	18.56	1000.00	0.00
18.78	18.56	999.67	0.67
18.79	18.56	998.56	1.83
18.80	18.56	997.11	2.13
18.81	18.56	991.67	7.64
18.82	18.56	983.78	16.05
18.83	18.56	978.56	23.20
18.84	18.56	985.67	12.75
18.85	18.56	966.56	38.65
18.86	18.56	977.33	26.00
18.87	18.56	977.44	28.31
18.88	18.56	948.00	66.83
18.89	18.56	976.78	44.09
18.90	18.56	977.67	26.09
18.91	18.56	962.89	44.14
18.92	18.56	981.44	22.28
18.93	18.56	979.44	20.45
18.94	18.56	981.56	13.49
18.95	18.56	986.89	17.67
18.55	18.57	1000.00	0.00
18.56	18.57	989.44	16.62
18.57	18.57	870.56	51.42
18.58	18.57	994.78	8.05
18.59	18.57	999.56	0.68
18.60	18.57	999.67	0.47
18.61	18.57	999.67	0.94
18.62	18.57	999.89	0.31
18.63	18.57	999.78	0.42
18.64	18.57	1000.00	0.00
18.65	18.57	992.89	11.97
18.66	18.57	989.78	20.62
18.67	18.57	993.33	12.21
18.68	18.57	993.78	8.35
18.69	18.57	991.67	7.23
18.70	18.57	980.33	16.92
18.71	18.57	978.44	27.58
18.72	18.57	989.89	8.72
18.73	18.57	980.22	14.88
18.74	18.57	992.44	4.67
18.75	18.57	999.33	0.94
18.76	18.57	999.89	0.31
18.77	18.57	1000.00	0.00
18.78	18.57	997.89	2.23
18.79	18.57	991.11	8.49
18.80	18.57	983.00	19.06
18.81	18.57	981.33	20.53
18.82	18.57	988.33	11.61
18.83	18.57	970.11	35.29
18.84	18.57	981.67	23.33
18.85	18.57	977.56	29.55
18.86	18.57	938.33	83.39
18.87	18.57	979.56	35.72
18.88	18.57	980.44	25.18
18.89	18.57	966.22	41.76
18.90	18.57	983.78	19.02
18.91	18.57	982.11	19.37
18.92	18.57	987.89	12.48
18.93	18.57	993.56	7.21
18.94	18.57	997.00	4.57
18.95	18.57	996.11	9.67
18.55	18.58	1000.00	0.00
18.56	18.58	999.89	0.31
18.57	18.58	989.11	16.70
18.58	18.58	871.67	50.78
18.59	18.58	993.89	9.04
18.60	18.58	999.56	0.68
18.61	18.58	999.33	1.25
18.62	18.58	999.89	0.31
18.63	18.58	999.67	0.67
18.64	18.58	999.89	0.31
18.65	18.58	992.00	13.35
18.66	18.58	991.22	19.25
18.67	18.58	995.11	10.51
18.68	18.58	984.67	13.98
18.69	18.58	992.89	6.59
18.70	18.58	990.22	8.68
18.71	18.58	959.33	38.48
18.72	18.58	985.67	11.14
18.73	18.58	989.11	10.67
18.74	18.58	995.44	3.10
18.75	18.58	999.22	1.55
18.76	18.58	999.67	0.67
18.77	18.58	994.89	5.57
18.78	18.58	982.33	15.87
18.79	18.58	975.33	25.59
18.80	18.58	987.78	11.16
18.81	18.58	970.67	35.71
18.82	18.58	981.11	20.60
18.83	18.58	980.56	23.43
18.84	18.58	950.56	66.48
18.85	18.58	981.67	31.02
18.86	18.58	977.67	27.69
18.87	18.58	965.89	41.90
18.88	18.58	983.44	18.55
18.89	18.58	982.67	18.40
18.90	18.58	989.67	13.09
18.91	18.58	995.22	6.97
18.92	18.58	998.56	1.42
18.93	18.58	999.56	0.68
18.94	18.58	998.78	3.46
18.95	18.58	997.00	8.14
18.55	18.59	1000.00	0.00
18.56	18.59	1000.00	0.00
18.57	18.59	1000.00	0.00
18.58	18.59	988.11	16.95
18.59	18.59	868.78	49.57
18.60	18.59	993.67	8.93
18.61	18.59	999.67	0.47
18.62	18.59	999.89	0.31
18.63	18.59	999.89	0.31
18.64	18.59	1000.00	0.00
18.65	18.59	992.11	13.28
18.66	18.59	989.67	21.07
18.67	18.59	992.89	12.17
18.68	18.59	984.11	19.87
18.69	18.59	989.11	13.68
18.70	18.59	992.33	10.07
18.71	18.59	994.44	4.79
18.72	18.59	988.89	14.04
18.73	18.59	992.89	5.70
18.74	18.59	997.67	2.11
18.75	18.59	994.78	5.47
18.76	18.59	987.56	15.81
18.77	18.59	985.78	19.72
18.78	18.59	987.33	12.96
18.79	18.59	951.11	39.43
18.80	18.59	964.89	33.83
18.81	18.59	976.67	22.92
18.82	18.59	945.11	69.76
18.83	18.59	982.56	26.35
18.84	18.59	982.00	25.16
18.85	18.59	968.22	40.53
18.86	18.59	984.44	18.03
18.87	18.59	981.78	19.23
18.88	18.59	989.22	13.80
18.89	18.59	995.56	6.27
18.90	18.59	999.00	1.33
18.91	18.59	999.78	0.42
18.92	18.59	999.89	0.31
18.93	18.59	999.78	0.42
18.94	18.59	999.33	1.56
18.95	18.59	997.33	7.20
18.55	18.60	1000.00	0.00
18.56	18.60	1000.00	0.00
18.57	18.60	999.89	0.31
18.58	18.60	999.44	0.83
18.59	18.60	985.89	18.11
18.60	18.60	863.00	44.66
18.61	18.60	993.22	9.47
18.62	18.60	999.67	0.47
18.63	18.60	1000.00	0.00
18.64	18.60	999.89	0.31
18.65	18.60	991.89	13.41
18.66	18.60	988.11	20.99
18.67	18.60	988.00	16.63
18.68	18.60	983.33	23.78
18.69	18.60	995.44	5.17
18.70	18.60	971.33	29.76
18.71	18.60	993.22	8.44
18.72	18.60	991.33	10.04
18.73	18.60	985.33	12.09
18.74	18.60	988.11	14.47
18.75	18.60	986.89	17.93
18.76	18.60	989.33	10.21
18.77	18.60	972.00	34.83
18.78	18.60	975.56	22.85
18.79	18.60	973.67	25.56
18.80	18.60	911.00	84.93
18.81	18.60	972.56	34.92
18.82	18.60	974.78	28.72
18.83	18.60	965.44	40.83
18.84	18.60	985.33	16.75
18.85	18.60	985.33	15.82
18.86	18.60	987.78	12.93
18.87	18.60	995.00	5.48
18.88	18.60	999.00	1.70
18.89	18.60	999.89	0.31
18.90	18.60	999.22	1.03
18.91	18.60	999.89	0.31
18.92	18.60	999.89	0.31
18.93	18.60	1000.00	0.00
18.94	18.60	999.67	0.67
18.95	18.60	997.67	6.25
18.55	18.61	999.78	0.42
18.56	18.61	1000.00	0.00
18.57	18.61	1000.00	0.00
18.58	18.61	999.67	0.94
18.59	18.61	998.44	2.63
18.60	18.61	987.33	17.35
18.61	18.61	866.89	48.40
18.62	18.61	994.22	8.26
18.63	18.61	999.89	0.31
18.64	18.61	1000.00	0.00
18.65	18.61	992.67	13.44
18.66	18.61	987.22	21.27
18.67	18.61	987.11	16.73
18.68	18.61	977.11	24.71
18.69	18.61	990.56	10.65
18.70	18.61	994.67	5.48
18.71	18.61	981.56	21.21
18.72	18.61	975.11	24.75
18.73	18.61	986.11	20.06
18.74	18.61	990.89	10.20
18.75	18.61	974.33	32.49
18.76	18.61	984.11	18.99
18.77	18.61	982.78	20.18
18.78	18.61	941.33	72.90
18.79	18.61	978.44	28.08
18.80	18.61	964.44	33.59
18.81	18.61	948.44	58.99
18.82	18.61	982.33	19.74
18.83	18.61	984.67	18.99
18.84	18.61	988.44	11.55
18.85	18.61	994.44	5.78
18.86	18.61	996.89	3.14
18.87	18.61	998.56	1.57
18.88	18.61	999.44	0.83
18.89	18.61	999.44	0.68
18.90	18.61	1000.00	0.00
18.91	18.61	999.44	0.83
18.92	18.61	999.78	0.42
18.93	18.61	999.89	0.31
18.94	18.61	999.89	0.31
18.95	18.61	997.89	5.97
18.55	18.62	1000.00	0.00
18.56	18.62	999.89	0.31
18.57	18.62	1000.00	0.00
18.58	18.62	999.89	0.31
18.59	18.62	999.11	1.45
18.60	18.62	999.56	0.83
18.61	18.62	987.89	15.55
18.62	18.62	873.11	48.29
18.63	18.62	995.22	7.45
18.64	18.62	1000.00	0.00
18.65	18.62	992.22	12.88
18.66	18.62	980.67	21.99
18.67	18.62	981.44	28.25
18.68	18.62	980.33	21.73
18.69	18.62	960.11	36.42
18.70	18.62	970.89	26.56
18.71	18.62	963.44	35.74
18.72	18.62	983.33	17.51
18.73	18.62	974.56	34.98
18.74	18.62	983.78	17.86
18.75	18.62	986.44	17.80
18.76	18.62	949.33	69.61
18.77	18.62	985.11	22.60
18.78	18.62	979.56	26.15
18.79	18.62	963.89	39.16
18.80	18.62	981.78	16.27
18.81	18.62	977.89	20.36
18.82	18.62	985.11	16.45
18.83	18.62	996.11	5.15
18.84	18.62	997.11	2.02
18.85	18.62	999.22	1.31
18.86	18.62	998.78	1.23
18.87	18.62	997.67	2.36
18.88	18.62	998.33	1.89
18.89	18.62	999.56	0.68
18.90	18.62	999.67	0.47
18.91	18.62	999.44	0.83
18.92	18.62	999.56	0.68
18.93	18.62	1000.00	0.00
18.94	18.62	999.89	0.31
18.95	18.62	997.78	6.29
18.55	18.63	1000.00	0.00
18.56	18.63	1000.00	0.00
18.57	18.63	1000.00	0.00
18.58	18.63	999.78	0.42
18.59	18.63	999.89	0.31
18.60	18.63	999.67	0.67
18.61	18.63	999.67	0.47
18.62	18.63	990.67	15.07
18.63	18.63	876.33	49.62
18.64	18.63	995.22	7.66
18.65	18.63	990.56	12.73
18.66	18.63	972.44	32.25
18.67	18.63	961.56	42.36
18.68	18.63	959.89	37.85
18.69	18.63	976.00	28.66
18.70	18.63	964.22	36.93
18.71	18.63	959.78	43.50
18.72	18.63	983.00	19.07
18.73	18.63	986.56	17.27
18.74	18.63	948.44	69.34
18.75	18.63	986.22	21.10
18.76	18.63	983.11	24.27
18.77	18.63	967.67	38.33
18.78	18.63	984.11	20.34
18.79	18.63	984.11	18.17
18.80	18.63	988.44	12.81
18.81	18.63	989.89	9.07
18.82	18.63	997.89	2.18
18.83	18.63	999.67	0.47
18.84	18.63	999.44	0.68
18.85	18.63	999.11	0.87
18.86	18.63	999.00	1.25
18.87	18.63	997.56	3.30
18.88	18.63	999.11	1.45
18.89	18.63	998.56	1.50
18.90	18.63	998.78	1.40
18.91	18.63	998.56	1.50
18.92	18.63	999.44	0.68
18.93	18.63	999.22	1.55
18.94	18.63	999.11	1.20
18.95	18.63	997.67	5.58
18.55	18.64	999.78	0.42
18.56	18.64	999.56	0.50
18.57	18.64	999.56	0.50
18.58	18.64	999.44	0.68
18.59	18.64	999.56	0.68
18.60	18.64	999.33	0.67
18.61	18.64	999.67	0.47
18.62	18.64	999.56	0.50
18.63	18.64	989.78	15.32
18.64	18.64	871.22	49.60
18.65	18.64	954.44	26.99
18.66	18.64	947.67	55.56
18.67	18.64	938.56	60.15
18.68	18.64	918.33	62.96
18.69	18.64	948.89	48.85
18.70	18.64	956.56	35.27
18.71	18.64	976.00	21.56
18.72	18.64	946.56	73.11
18.73	18.64	986.89	19.68
18.74	18.64	983.33	22.48
18.75	18.64	970.67	37.48
18.76	18.64	983.33	17.45
18.77	18.64	982.11	17.87
18.78	18.64	987.11	11.73
18.79	18.64	994.11	5.24
18.80	18.64	996.78	3.15
18.81	18.64	997.56	1.26
18.82	18.64	997.44	1.83
18.83	18.64	999.44	0.68
18.84	18.64	999.44	0.68
18.85	18.64	999.67	0.67
18.86	18.64	999.11	1.45
18.87	18.64	997.89	1.66
18.88	18.64	997.89	1.66
18.89	18.64	998.33	1.56
18.90	18.64	999.33	0.82
18.91	18.64	998.44	1.07
18.92	18.64	999.11	1.20
18.93	18.64	998.78	1.62
18.94	18.64	999.11	0.99
18.95	18.64	996.89	6.03
18.55	18.65	994.33	4.22
18.56	18.65	993.78	4.16
18.57	18.65	994.44	4.25
18.58	18.65	995.33	3.86
18.59	18.65	994.67	4.19
18.60	18.65	994.89	4.20
18.61	18.65	995.00	4.11
18.62	18.65	995.11	3.07
18.63	18.65	989.67	5.31
18.64	18.65	955.67	24.12
18.65	18.65	776.33	64.81
18.66	18.65	894.67	70.30
18.67	18.65	884.56	96.31
18.68	18.65	939.44	47.93
18.69	18.65	943.11	42.03
18.70	18.65	909.00	90.86
18.71	18.65	978.00	19.86
18.72	18.65	975.56	25.77
18.73	18.65	965.22	38.94
18.74	18.65	979.78	18.05
18.75	18.65	978.56	16.95
18.76	18.65	980.67	14.91
18.77	18.65	987.00	9.59
18.78	18.65	989.56	7.09
18.79	18.65	992.44	4.99
18.80	18.65	992.44	4.88
18.81	18.65	993.56	3.06
18.82	18.65	988.44	5.25
18.83	18.65	989.22	4.80
18.84	18.65	992.56	5.08
18.85	18.65	993.11	5.24
18.86	18.65	994.89	4.20
18.87	18.65	994.56	3.34
18.88	18.65	993.89	3.70
18.89	18.65	994.44	4.00
18.90	18.65	994.56	3.65
18.91	18.65	994.44	4.06
18.92	18.65	994.33	4.08
18.93	18.65	994.89	3.96
18.94	18.65	994.11	4.36
18.95	18.65	993.11	6.59
18.55	18.66	989.78	8.69
18.56	18.66	989.78	9.02
18.57	18.66	989.78	8.51
18.58	18.66	989.33	9.09
18.59	18.66	990.00	8.51
18.60	18.66	989.33	7.60
18.61	18.66	986.22	7.42
18.62	18.66	976.78	15.57
18.63	18.66	971.33	19.07
18.64	18.66	960.00	23.74
18.65	18.66	876.56	72.05
18.66	18.66	677.44	106.09
18.67	18.66	849.78	113.45
18.68	18.66	862.56	111.34
18.69	18.66	948.44	41.71
18.70	18.66	955.22	28.95
18.71	18.66	956.67	38.12
18.72	18.66	976.44	17.23
18.73	18.66	976.67	15.63
18.74	18.66	979.56	12.01
18.75	18.66	984.00	8.29
18.76	18.66	985.44	9.06
18.77	18.66	986.11	9.17
18.78	18.66	984.78	13.84
18.79	18.66	987.33	7.13
18.80	18.66	988.00	7.64
18.81	18.66	990.78	6.03
18.82	18.66	988.00	8.68
18.83	18.66	982.78	9.15
18.84	18.66	984.78	10.79
18.85	18.66	990.22	7.98
18.86	18.66	990.22	7.49
18.87	18.66	990.44	7.10
18.88	18.66	988.78	7.52
18.89	18.66	988.56	9.73
18.90	18.66	991.22	6.21
18.91	18.66	991.22	6.27
18.92	18.66	990.89	8.48
18.93	18.66	990.89	7.61
18.94	18.66	988.44	9.24
18.95	18.66	989.11	9.10
18.55	18.67	990.56	10.63
18.56	18.67	990.56	9.90
18.57	18.67	992.33	8.22
18.58	18.67	991.44	7.70
18.59	18.67	987.22	7.91
18.60	18.67	978.00	14.33
18.61	18.67	974.44	19.19
18.62	18.67	981.00	13.98
18.63	18.67	953.67	39.85
18.64	18.67	948.56	28.89
18.65	18.67	915.78	55.75
18.66	18.67	810.00	113.88
18.67	18.67	665.33	109.16
18.68	18.67	878.89	68.89
18.69	18.67	933.89	44.72
18.70	18.67	973.00	19.41
18.71	18.67	977.22	15.01
18.72	18.67	981.89	11.49
18.73	18.67	987.44	8.18
18.74	18.67	991.00	7.15
18.75	18.67	989.56	7.99
18.76	18.67	990.67	8.03
18.77	18.67	988.11	10.40
18.78	18.67	989.44	7.32
18.79	18.67	989.56	8.63
18.80	18.67	990.56	8.77
18.81	18.67	991.56	8.22
18.82	18.67	991.67	8.60
18.83	18.67	976.89	16.34
18.84	18.67	985.11	14.71
18.85	18.67	992.22	8.01
18.86	18.67	991.44	8.54
18.87	18.67	992.89	7.40
18.88	18.67	992.00	7.69
18.89	18.67	992.11	7.48
18.90	18.67	990.67	8.47
18.91	18.67	990.67	8.97
18.92	18.67	991.11	8.35
18.93	18.67	990.44	7.92
18.94	18.67	992.00	7.59
18.95	18.67	986.78	13.46
18.55	18.68	995.89	3.11
18.56	18.68	994.56	3.27
18.57	18.68	989.78	7.61
18.58	18.68	981.33	18.58
18.59	18.68	977.00	23.96
18.60	18.68	983.22	12.66
18.61	18.68	961.22	42.66
18.62	18.68	975.44	22.81
18.63	18.68	965.33	26.00
18.64	18.68	899.22	97.34
18.65	18.68	938.44	54.78
18.66	18.68	865.44	99.92
18.67	18.68	838.22	98.96
18.68	18.68	750.67	77.05
18.69	18.68	943.11	36.55
18.70	18.68	983.11	14.93
18.71	18.68	991.89	6.98
18.72	18.68	995.89	3.41
18.73	18.68	996.56	2.67
18.74	18.68	995.67	3.02
18.75	18.68	994.44	3.65
18.76	18.68	992.33	5.91
18.77	18.68	991.89	7.29
18.78	18.68	990.67	5.46
18.79	18.68	991.67	2.91
18.80	18.68	993.89	2.69
18.81	18.68	995.44	3.44
18.82	18.68	993.22	4.16
18.83	18.68	994.89	4.18
18.84	18.68	990.33	4.78
18.85	18.68	993.67	3.94
18.86	18.68	994.67	3.30
18.87	18.68	994.89	4.07
18.88	18.68	993.67	3.83
18.89	18.68	991.89	5.57
18.90	18.68	992.11	3.03
18.91	18.68	992.78	4.69
18.92	18.68	990.67	6.93
18.93	18.68	992.67	4.67
18.94	18.68	992.56	5.14
18.95	18.68	987.78	11.39
18.55	18.69	992.00	6.07
18.56	18.69	979.78	15.87
18.57	18.69	980.11	22.86
18.58	18.69	989.00	9.07
18.59	18.69	967.78	37.57
18.60	18.69	979.22	17.92
18.61	18.69	983.44	17.51
18.62	18.69	933.67	79.06
18.63	18.69	966.44	34.75
18.64	18.69	950.11	41.80
18.65	18.69	929.67	57.74
18.66	18.69	939.56	58.23
18.67	18.69	914.78	70.28
18.68	18.69	919.89	50.15
18.69	18.69	853.33	52.10
18.70	18.69	990.22	10.18
18.71	18.69	998.67	1.56
18.72	18.69	998.44	2.01
18.73	18.69	998.11	2.18
18.74	18.69	997.56	2.36
18.75	18.69	995.78	3.26
18.76	18.69	994.33	5.89
18.77	18.69	993.78	4.85
18.78	18.69	995.44	2.79
18.79	18.69	993.56	4.03
18.80	18.69	997.00	2.40
18.81	18.69	996.67	3.37
18.82	18.69	997.00	2.49
18.83	18.69	997.22	2.48
18.84	18.69	990.33	7.15
18.85	18.69	993.56	4.06
18.86	18.69	997.11	2.33
18.87	18.69	996.56	2.63
18.88	18.69	997.22	2.53
18.89	18.69	991.33	8.81
18.90	18.69	995.22	4.47
18.91	18.69	995.78	3.01
18.92	18.69	994.89	5.69
18.93	18.69	995.78	3.52
18.94	18.69	996.67	2.21
18.95	18.69	993.22	10.70
18.55	18.70	986.00	19.71
18.56	18.70	988.44	12.50
18.57	18.70	967.67	44.16
18.58	18.70	982.33	20.12
18.59	18.70	987.89	16.10
18.60	18.70	945.56	74.14
18.61	18.70	987.44	18.89
18.62	18.70	971.11	28.38
18.63	18.70	949.33	51.88
18.64	18.70	965.67	32.15
18.65	18.70	928.67	61.23
18.66	18.70	943.22	56.10
18.67	18.70	960.00	37.74
18.68	18.70	981.11	18.99
18.69	18.70	986.89	16.75
18.70	18.70	876.67	47.87
18.71	18.70	995.44	7.17
18.72	18.70	1000.00	0.00
18.73	18.70	1000.00	0.00
18.74	18.70	999.33	0.82
18.75	18.70	998.44	3.72
18.76	18.70	997.44	3.65
18.77	18.70	998.44	1.83
18.78	18.70	997.78	1.99
18.79	18.70	998.89	0.99
18.80	18.70	999.44	0.68
18.81	18.70	999.67	0.47
18.82	18.70	999.00	1.56
18.83	18.70	998.56	1.57
18.84	18.70	997.89	1.66
18.85	18.70	997.78	1.62
18.86	18.70	996.22	6.32
18.87	18.70	998.44	2.01
18.88	18.70	998.78	1.55
18.89	18.70	995.67	6.72
18.90	18.70	997.00	3.02
18.91	18.70	998.78	1.69
18.92	18.70	997.44	3.06
18.93	18.70	997.22	4.47
18.94	18.70	998.67	1.15
18.95	18.70	996.11	6.28
18.55	18.71	969.89	40.03
18.56	18.71	979.00	22.98
18.57	18.71	981.33	24.75
18.58	18.71	938.78	84.92
18.59	18.71	987.33	18.52
18.60	18.71	985.11	20.96
18.61	18.71	966.00	40.06
18.62	18.71	973.22	28.70
18.63	18.71	965.11	32.12
18.64	18.71	977.56	18.71
18.65	18.71	976.78	24.21
18.66	18.71	963.78	43.64
18.67	18.71	981.89	20.00
18.68	18.71	993.78	10.31
18.69	18.71	1000.00	0.00
18.70	18.71	990.67	15.05
18.71	18.71	878.33	48.38
18.72	18.71	995.33	7.59
18.73	18.71	1000.00	0.00
18.74	18.71	998.89	1.45
18.75	18.71	997.78	2.86
18.76	18.71	995.67	5.62
18.77	18.71	998.11	2.56
18.78	18.71	998.11	3.03
18.79	18.71	997.56	2.36
18.80	18.71	998.89	1.10
18.81	18.71	998.00	1.83
18.82	18.71	999.11	1.20
18.83	18.71	995.89	5.97
18.84	18.71	997.89	2.64
18.85	18.71	996.33	3.68
18.86	18.71	992.33	11.64
18.87	18.71	997.44	3.13
18.88	18.71	998.89	1.45
18.89	18.71	998.00	2.40
18.90	18.71	996.89	4.75
18.91	18.71	998.22	1.93
18.92	18.71	998.11	2.77
18.93	18.71	999.33	1.33
18.94	18.71	998.67	1.25
18.95	18.71	997.22	6.48
18.55	18.72	986.67	16.34
18.56	18.72	942.22	79.15
18.57	18.72	983.44	19.64
18.58	18.72	981.78	24.58
18.59	18.72	965.11	41.93
18.60	18.72	988.89	15.15
18.61	18.72	976.78	22.26
18.62	18.72	974.00	26.95
18.63	18.72	986.44	10.93
18.64	18.72	973.67	27.98
18.65	18.72	980.22	21.17
18.66	18.72	972.67	31.50
18.67	18.72	984.89	17.58
18.68	18.72	995.67	8.12
18.69	18.72	1000.00	0.00
18.70	18.72	1000.00	0.00
18.71	18.72	991.11	14.45
18.72	18.72	878.67	48.39
18.73	18.72	993.44	8.62
18.74	18.72	997.22	3.08
18.75	18.72	995.56	7.59
18.76	18.72	996.33	6.00
18.77	18.72	996.33	3.30
18.78	18.72	996.00	2.40
18.79	18.72	998.78	1.40
18.80	18.72	995.89	6.31
18.81	18.72	998.11	2.13
18.82	18.72	998.00	2.26
18.83	18.72	994.89	8.24
18.84	18.72	997.44	2.79
18.85	18.72	998.67	1.25
18.86	18.72	996.56	2.71
18.87	18.72	997.44	4.55
18.88	18.72	998.89	1.29
18.89	18.72	998.67	2.75
18.90	18.72	998.78	1.81
18.91	18.72	998.33	2.45
18.92	18.72	999.67	0.47
18.93	18.72	1000.00	0.00
18.94	18.72	1000.00	0.00
18.95	18.72	997.67	6.60
18.55	18.73	987.22	17.47
18.56	18.73	983.56	21.11
18.57	18.73	962.78	46.97
18.58	18.73	985.44	20.14
18.59	18.73	984.11	19.13
18.60	18.73	985.78	17.48
18.61	18.73	981.89	16.64
18.62	18.73	989.11	13.91
18.63	18.73	990.22	11.48
18.64	18.73	995.78	4.52
18.65	18.73	981.00	21.55
18.66	18.73	980.78	26.85
18.67	18.73	992.67	14.27
18.68	18.73	996.22	7.81
18.69	18.73	1000.00	0.00
18.70	18.73	999.89	0.31
18.71	18.73	999.78	0.42
18.72	18.73	989.44	14.86
18.73	18.73	866.33	48.56
18.74	18.73	987.33	11.17
18.75	18.73	994.33	4.19
18.76	18.73	994.67	4.50
18.77	18.73	990.67	12.60
18.78	18.73	996.22	2.90
18.79	18.73	998.00	2.21
18.80	18.73	995.22	8.22
18.81	18.73	996.44	3.92
18.82	18.73	998.22	1.87
18.83	18.73	998.11	2.73
18.84	18.73	997.22	3.91
18.85	18.73	998.78	1.31
18.86	18.73	996.00	4.69
18.87	18.73	997.00	1.94
18.88	18.73	998.89	1.52
18.89	18.73	999.44	0.83
18.90	18.73	999.78	0.63
18.91	18.73	999.89	0.31
18.92	18.73	1000.00	0.00
18.93	18.73	1000.00	0.00
18.94	18.73	999.78	0.63
18.95	18.73	997.67	6.60
18.55	18.74	967.33	39.40
18.56	18.74	989.56	13.60
18.57	18.74	985.56	18.85
18.58	18.74	990.00	13.43
18.59	18.74	994.11	6.33
18.60	18.74	991.78	8.15
18.61	18.74	991.00	9.01
18.62	18.74	988.78	7.84
18.63	18.74	977.11	24.65
18.64	18.74	993.22	7.74
18.65	18.74	979.22	22.57
18.66	18.74	984.78	24.93
18.67	18.74	993.78	14.86
18.68	18.74	995.78	7.30
18.69	18.74	999.78	0.42
18.70	18.74	999.00	1.41
18.71	18.74	999.11	1.37
18.72	18.74	998.11	1.59
18.73	18.74	980.89	18.89
18.74	18.74	851.67	49.38
18.75	18.74	981.22	19.00
18.76	18.74	990.11	8.08
18.77	18.74	992.67	11.39
18.78	18.74	994.11	5.84
18.79	18.74	998.78	1.31
18.80	18.74	997.67	2.36
18.81	18.74	997.22	3.74
18.82	18.74	998.00	1.89
18.83	18.74	998.22	2.97
18.84	18.74	998.56	1.34
18.85	18.74	998.67	1.49
18.86	18.74	999.11	0.74
18.87	18.74	998.11	1.79
18.88	18.74	999.78	0.42
18.89	18.74	1000.00	0.00
18.90	18.74	1000.00	0.00
18.91	18.74	999.89	0.31
18.92	18.74	1000.00	0.00
18.93	18.74	999.89	0.31
18.94	18.74	999.89	0.31
18.95	18.74	997.44	6.53
18.55	18.75	985.56	17.63
18.56	18.75	991.33	10.32
18.57	18.75	996.56	4.81
18.58	18.75	999.22	1.23
18.59	18.75	998.78	1.23
18.60	18.75	996.56	3.06
18.61	18.75	986.11	15.26
18.62	18.75	980.22	24.24
18.63	18.75	992.67	6.73
18.64	18.75	989.89	13.36
18.65	18.75	981.11	19.99
18.66	18.75	987.89	20.82
18.67	18.75	993.44	12.18
18.68	18.75	993.89	10.83
18.69	18.75	998.89	1.52
18.70	18.75	999.00	2.00
18.71	18.75	995.44	6.60
18.72	18.75	997.11	3.35
18.73	18.75	994.56	4.11
18.74	18.75	970.56	25.99
18.75	18.75	842.56	48.78
18.76	18.75	982.67	15.80
18.77	18.75	993.89	5.74
18.78	18.75	997.22	4.08
18.79	18.75	998.22	1.93
18.80	18.75	997.89	2.56
18.81	18.75	998.56	1.77
18.82	18.75	998.78	1.13
18.83	18.75	998.44	1.34
18.84	18.75	999.33	0.94
18.85	18.75	999.89	0.31
18.86	18.75	1000.00	0.00
18.87	18.75	998.78	3.12
18.88	18.75	999.67	0.47
18.89	18.75	999.89	0.31
18.90	18.75	999.67	0.94
18.91	18.75	999.89	0.31
18.92	18.75	999.89	0.31
18.93	18.75	1000.00	0.00
18.94	18.75	999.78	0.42
18.95	18.75	997.89	5.63
18.55	18.76	993.78	6.01
18.56	18.76	999.11	0.99
18.57	18.76	1000.00	0.00
18.58	18.76	999.78	0.42
18.59	18.76	995.56	1.77
18.60	18.76	996.67	4.08
18.61	18.76	994.33	4.55
18.62	18.76	974.67	25.52
18.63	18.76	985.00	11.34
18.64	18.76	985.22	12.43
18.65	18.76	981.11	19.21
18.66	18.76	987.33	23.05
18.67	18.76	994.11	11.29
18.68	18.76	991.78	11.43
18.69	18.76	998.67	2.11
18.70	18.76	998.11	2.02
18.71	18.76	994.67	9.72
18.72	18.76	995.67	4.24
18.73	18.76	994.56	4.65
18.74	18.76	986.89	9.27
18.75	18.76	970.89	23.69
18.76	18.76	851.67	50.07
18.77	18.76	986.89	10.05
18.78	18.76	997.22	2.86
18.79	18.76	999.33	0.94
18.80	18.76	999.56	0.50
18.81	18.76	999.67	0.94
18.82	18.76	999.67	0.67
18.83	18.76	999.89	0.31
18.84	18.76	1000.00	0.00
18.85	18.76	1000.00	0.00
18.86	18.76	999.89	0.31
18.87	18.76	1000.00	0.00
18.88	18.76	998.67	2.36
18.89	18.76	1000.00	0.00
18.90	18.76	1000.00	0.00
18.91	18.76	999.89	0.31
18.92	18.76	1000.00	0.00
18.93	18.76	999.89	0.31
18.94	18.76	999.78	0.42
18.95	18.76	997.56	6.91
18.55	18.77	984.67	13.28
18.56	18.77	990.89	9.88
18.57	18.77	998.67	2.11
18.58	18.77	998.22	1.40
18.59	18.77	991.67	5.42
18.60	18.77	987.33	13.73
18.61	18.77	988.78	11.67
18.62	18.77	993.00	5.16
18.63	18.77	984.22	16.63
18.64	18.77	988.78	11.65
18.65	18.77	987.78	16.20
18.66	18.77	983.67	26.48
18.67	18.77	990.56	14.02
18.68	18.77	991.00	13.42
18.69	18.77	997.22	3.79
18.70	18.77	998.00	3.33
18.71	18.77	997.44	2.95
18.72	18.77	994.44	5.40
18.73	18.77	991.56	8.37
18.74	18.77	990.33	11.58
18.75	18.77	991.67	5.70
18.76	18.77	979.11	18.48
18.77	18.77	865.11	48.94
18.78	18.77	992.89	9.04
18.79	18.77	1000.00	0.00
18.80	18.77	999.89	0.31
18.81	18.77	999.89	0.31
18.82	18.77	999.78	0.42
18.83	18.77	999.78	0.42
18.84	18.77	1000.00	0.00
18.85	18.77	1000.00	0.00
18.86	18.77	1000.00	0.00
18.87	18.77	1000.00	0.00
18.88	18.77	998.67	3.09
18.89	18.77	999.44	0.83
18.90	18.77	1000.00	0.00
18.91	18.77	1000.00	0.00
18.92	18.77	1000.00	0.00
18.93	18.77	999.89	0.31
18.94	18.77	999.67	0.67
18.95	18.77	998.11	5.34
18.55	18.78	990.89	9.28
18.56	18.78	985.89	27.51
18.57	18.78	984.11	12.84
18.58	18.78	971.22	17.17
18.59	18.78	981.33	8.41
18.60	18.78	985.33	8.43
18.61	18.78	969.00	26.17
18.62	18.78	984.33	10.75
18.63	18.78	988.11	10.48
18.64	18.78	994.89	4.48
18.65	18.78	988.22	18.07
18.66	18.78	984.67	22.81
18.67	18.78	984.44	24.40
18.68	18.78	992.78	8.55
18.69	18.78	995.89	6.90
18.70	18.78	997.56	3.13
18.71	18.78	997.00	3.94
18.72	18.78	995.33	5.31
18.73	18.78	996.00	6.31
18.74	18.78	995.11	8.17
18.75	18.78	996.44	3.53
18.76	18.78	994.89	4.07
18.77	18.78	989.11	13.19
18.78	18.78	873.67	47.01
18.79	18.78	994.33	8.56
18.80	18.78	999.67	0.67
18.81	18.78	999.78	0.42
18.82	18.78	999.89	0.31
18.83	18.78	1000.00	0.00
18.84	18.78	1000.00	0.00
18.85	18.78	1000.00	0.00
18.86	18.78	1000.00	0.00
18.87	18.78	1000.00	0.00
18.88	18.78	999.78	0.63
18.89	18.78	999.44	1.07
18.90	18.78	1000.00	0.00
18.91	18.78	1000.00	0.00
18.92	18.78	1000.00	0.00
18.93	18.78	1000.00	0.00
18.94	18.78	999.78	0.63
18.95	18.78	997.78	6.29
18.55	18.79	997.00	2.87
18.56	18.79	989.67	9.49
18.57	18.79	985.33	13.15
18.58	18.79	964.33	30.50
18.59	18.79	931.33	31.32
18.60	18.79	964.67	20.74
18.61	18.79	986.78	8.34
18.62	18.79	979.78	16.92
18.63	18.79	992.00	6.51
18.64	18.79	997.89	3.00
18.65	18.79	991.67	13.11
18.66	18.79	985.44	23.65
18.67	18.79	989.22	15.99
18.68	18.79	993.78	8.04
18.69	18.79	998.00	2.75
18.70	18.79	997.67	2.21
18.71	18.79	996.56	4.14
18.72	18.79	997.44	3.62
18.73	18.79	997.44	4.42
18.74	18.79	997.89	2.38
18.75	18.79	997.56	2.50
18.76	18.79	999.00	1.15
18.77	18.79	999.67	0.47
18.78	18.79	989.67	14.87
18.79	18.79	867.22	47.79
18.80	18.79	993.56	10.41
18.81	18.79	999.56	0.68
18.82	18.79	999.89	0.31
18.83	18.79	1000.00	0.00
18.84	18.79	1000.00	0.00
18.85	18.79	1000.00	0.00
18.86	18.79	1000.00	0.00
18.87	18.79	1000.00	0.00
18.88	18.79	1000.00	0.00
18.89	18.79	998.89	3.14
18.90	18.79	1000.00	0.00
18.91	18.79	1000.00	0.00
18.92	18.79	1000.00	0.00
18.93	18.79	1000.00	0.00
18.94	18.79	999.89	0.31
18.95	18.79	997.67	6.60
18.55	18.80	999.22	1.23
18.56	18.80	996.44	5.48
18.57	18.80	982.22	14.23
18.58	18.80	967.89	15.79
18.59	18.80	959.11	27.49
18.60	18.80	873.22	99.72
18.61	18.80	949.56	49.71
18.62	18.80	959.67	26.71
18.63	18.80	984.89	8.71
18.64	18.80	997.89	2.60
18.65	18.80	991.67	13.18
18.66	18.80	987.44	21.28
18.67	18.80	992.67	12.61
18.68	18.80	995.00	7.63
18.69	18.80	999.00	1.05
18.70	18.80	998.00	1.76
18.71	18.80	996.89	4.04
18.72	18.80	996.89	4.41
18.73	18.80	995.44	6.70
18.74	18.80	997.78	2.04
18.75	18.80	997.56	1.77
18.76	18.80	999.11	0.99
18.77	18.80	999.89	0.31
18.78	18.80	999.33	0.94
18.79	18.80	987.44	16.69
18.80	18.80	865.78	46.79
18.81	18.80	992.67	12.06
18.82	18.80	999.67	0.67
18.83	18.80	1000.00	0.00
18.84	18.80	1000.00	0.00
18.85	18.80	999.89	0.31
18.86	18.80	1000.00	0.00
18.87	18.80	1000.00	0.00
18.88	18.80	1000.00	0.00
18.89	18.80	1000.00	0.00
18.90	18.80	999.44	1.07
18.91	18.80	1000.00	0.00
18.92	18.80	1000.00	0.00
18.93	18.80	1000.00	0.00
18.94	18.80	1000.00	0.00
18.95	18.80	997.67	6.60
18.55	18.81	998.22	1.62
18.56	18.81	995.78	7.18
18.57	18.81	990.22	7.39
18.58	18.81	979.00	19.85
18.59	18.81	973.33	24.70
18.60	18.81	972.56	13.89
18.61	18.81	947.22	33.82
18.62	18.81	967.00	33.15
18.63	18.81	983.56	13.53
18.64	18.81	988.78	13.93
18.65	18.81	986.22	13.66
18.66	18.81	988.22	20.26
18.67	18.81	994.78	11.74
18.68	18.81	997.33	5.85
18.69	18.81	999.89	0.31
18.70	18.81	999.22	1.31
18.71	18.81	996.22	3.85
18.72	18.81	995.89	6.82
18.73	18.81	995.44	6.06
18.74	18.81	998.33	2.00
18.75	18.81	997.78	2.62
18.76	18.81	999.89	0.31
18.77	18.81	1000.00	0.00
18.78	18.81	999.56	0.68
18.79	18.81	999.11	1.37
18.80	18.81	988.22	16.53
18.81	18.81	868.56	46.09
18.82	18.81	993.89	8.40
18.83	18.81	999.78	0.63
18.84	18.81	1000.00	0.00
18.85	18.81	1000.00	0.00
18.86	18.81	1000.00	0.00
18.87	18.81	1000.00	0.00
18.88	18.81	1000.00	0.00
18.89	18.81	1000.00	0.00
18.90	18.81	998.78	3.12
18.91	18.81	999.78	0.63
18.92	18.81	1000.00	0.00
18.93	18.81	1000.00	0.00
18.94	18.81	999.89	0.31
18.95	18.81	997.56	6.57
18.55	18.82	998.33	2.49
18.56	18.82	992.89	5.09
18.57	18.82	990.11	7.67
18.58	18.82	990.44	7.62
18.59	18.82	965.33	27.11
18.60	18.82	976.22	16.48
18.61	18.82	974.11	19.35
18.62	18.82	980.11	12.16
18.63	18.82	989.89	10.04
18.64	18.82	986.11	29.62
18.65	18.82	974.11	19.08
18.66	18.82	971.56	23.52
18.67	18.82	991.00	13.24
18.68	18.82	997.22	5.12
18.69	18.82	1000.00	0.00
18.70	18.82	998.56	1.89
18.71	18.82	997.44	3.77
18.72	18.82	996.11	4.36
18.73	18.82	996.22	4.83
18.74	18.82	997.22	2.90
18.75	18.82	998.78	1.40
18.76	18.82	1000.00	0.00
18.77	18.82	1000.00	0.00
18.78	18.82	999.89	0.31
18.79	18.82	999.22	1.31
18.80	18.82	999.56	0.68
18.81	18.82	988.44	15.36
18.82	18.82	870.22	48.56
18.83	18.82	994.67	8.59
18.84	18.82	1000.00	0.00
18.85	18.82	1000.00	0.00
18.86	18.82	1000.00	0.00
18.87	18.82	1000.00	0.00
18.88	18.82	1000.00	0.00
18.89	18.82	1000.00	0.00
18.90	18.82	1000.00	0.00
18.91	18.82	999.44	1.07
18.92	18.82	1000.00	0.00
18.93	18.82	1000.00	0.00
18.94	18.82	999.56	1.26
18.95	18.82	997.22	7.18
18.55	18.83	993.22	7.08
18.56	18.83	989.67	8.54
18.57	18.83	983.67	16.10
18.58	18.83	987.89	12.49
18.59	18.83	993.00	4.55
18.60	18.83	985.00	13.24
18.61	18.83	991.44	4.32
18.62	18.83	998.00	2.26
18.63	18.83	997.56	3.30
18.64	18.83	990.00	11.19
18.65	18.83	974.67	20.15
18.66	18.83	962.00	36.02
18.67	18.83	948.22	38.47
18.68	18.83	974.67	20.97
18.69	18.83	998.22	2.25
18.70	18.83	997.89	2.33
18.71	18.83	996.89	3.35
18.72	18.83	996.11	6.95
18.73	18.83	997.44	2.75
18.74	18.83	998.00	1.49
18.75	18.83	999.22	0.63
18.76	18.83	1000.00	0.00
18.77	18.83	1000.00	0.00
18.78	18.83	1000.00	0.00
18.79	18.83	999.89	0.31
18.80	18.83	999.89	0.31
18.81	18.83	999.56	0.50
18.82	18.83	990.89	13.69
18.83	18.83	872.22	48.21
18.84	18.83	995.22	7.77
18.85	18.83	1000.00	0.00
18.86	18.83	1000.00	0.00
18.87	18.83	1000.00	0.00
18.88	18.83	1000.00	0.00
18.89	18.83	1000.00	0.00
18.90	18.83	1000.00	0.00
18.91	18.83	998.11	5.00
18.92	18.83	999.89	0.31
18.93	18.83	1000.00	0.00
18.94	18.83	999.56	1.26
18.95	18.83	996.78	8.11
18.55	18.84	989.11	9.01
18.56	18.84	975.44	11.67
18.57	18.84	988.44	8.78
18.58	18.84	976.56	23.61
18.59	18.84	993.11	7.77
18.60	18.84	991.22	9.65
18.61	18.84	995.00	2.75
18.62	18.84	1000.00	0.00
18.63	18.84	1000.00	0.00
18.64	18.84	999.78	0.42
18.65	18.84	988.00	12.65
18.66	18.84	964.00	30.62
18.67	18.84	968.22	29.34
18.68	18.84	974.22	32.14
18.69	18.84	984.22	13.64
18.70	18.84	981.44	15.65
18.71	18.84	992.67	6.82
18.72	18.84	996.56	5.68
18.73	18.84	997.56	2.45
18.74	18.84	997.44	2.83
18.75	18.84	999.56	0.83
18.76	18.84	999.78	0.63
18.77	18.84	999.89	0.31
18.78	18.84	999.78	0.42
18.79	18.84	1000.00	0.00
18.80	18.84	1000.00	0.00
18.81	18.84	1000.00	0.00
18.82	18.84	1000.00	0.00
18.83	18.84	991.56	13.32
18.84	18.84	871.33	48.64
18.85	18.84	995.11	7.99
18.86	18.84	1000.00	0.00
18.87	18.84	1000.00	0.00
18.88	18.84	1000.00	0.00
18.89	18.84	1000.00	0.00
18.90	18.84	1000.00	0.00
18.91	18.84	1000.00	0.00
18.92	18.84	998.78	2.57
18.93	18.84	1000.00	0.00
18.94	18.84	999.56	1.26
18.95	18.84	995.78	11.94
18.55	18.85	990.00	10.61
18.56	18.85	979.11	24.71
18.57	18.85	981.00	18.92
18.58	18.85	991.11	6.98
18.59	18.85	986.00	16.57
18.60	18.85	994.00	6.06
18.61	18.85	998.89	1.59
18.62	18.85	1000.00	0.00
18.63	18.85	1000.00	0.00
18.64	18.85	999.89	0.31
18.65	18.85	993.11	14.43
18.66	18.85	989.22	19.95
18.67	18.85	986.78	14.67
18.68	18.85	974.33	20.75
18.69	18.85	984.44	13.44
18.70	18.85	979.78	30.37
18.71	18.85	975.67	20.21
18.72	18.85	986.78	12.42
18.73	18.85	994.78	4.49
18.74	18.85	998.11	1.37
18.75	18.85	1000.00	0.00
18.76	18.85	1000.00	0.00
18.77	18.85	999.67	0.67
18.78	18.85	999.67	0.67
18.79	18.85	999.78	0.63
18.80	18.85	1000.00	0.00
18.81	18.85	1000.00	0.00
18.82	18.85	1000.00	0.00
18.83	18.85	1000.00	0.00
18.84	18.85	990.44	14.33
18.85	18.85	870.56	49.79
18.86	18.85	995.67	6.94
18.87	18.85	1000.00	0.00
18.88	18.85	1000.00	0.00
18.89	18.85	1000.00	0.00
18.90	18.85	1000.00	0.00
18.91	18.85	1000.00	0.00
18.92	18.85	997.78	5.61
18.93	18.85	999.78	0.42
18.94	18.85	999.11	2.51
18.95	18.85	995.56	12.57
18.55	18.86	989.89	9.69
18.56	18.86	985.89	15.76
18.57	18.86	937.22	41.45
18.58	18.86	984.11	19.83
18.59	18.86	987.00	15.93
18.60	18.86	993.11	7.16
18.61	18.86	999.11	0.99
18.62	18.86	999.44	0.96
18.63	18.86	999.67	0.67
18.64	18.86	999.67	0.67
18.65	18.86	993.89	12.80
18.66	18.86	990.00	20.89
18.67	18.86	994.11	12.51
18.68	18.86	994.22	7.97
18.69	18.86	992.56	6.26
18.70	18.86	985.44	11.90
18.71	18.86	980.44	17.85
18.72	18.86	977.89	31.10
18.73	18.86	981.67	14.42
18.74	18.86	986.22	15.35
18.75	18.86	997.78	2.94
18.76	18.86	999.89	0.31
18.77	18.86	1000.00	0.00
18.78	18.86	999.67	0.47
18.79	18.86	999.33	0.82
18.80	18.86	999.67	0.47
18.81	18.86	1000.00	0.00
18.82	18.86	1000.00	0.00
18.83	18.86	1000.00	0.00
18.84	18.86	1000.00	0.00
18.85	18.86	990.67	14.20
18.86	18.86	869.11	48.93
18.87	18.86	995.33	7.38
18.88	18.86	1000.00	0.00
18.89	18.86	1000.00	0.00
18.90	18.86	1000.00	0.00
18.91	18.86	1000.00	0.00
18.92	18.86	1000.00	0.00
18.93	18.86	998.11	4.68
18.94	18.86	999.22	1.31
18.95	18.86	994.00	15.92
18.55	18.87	987.11	15.46
18.56	18.87	984.33	16.49
18.57	18.87	991.11	7.29
18.58	18.87	951.67	28.96
18.59	18.87	988.44	9.99
18.60	18.87	998.44	2.11
18.61	18.87	998.78	1.31
18.62	18.87	997.89	2.56
18.63	18.87	998.56	1.64
18.64	18.87	999.44	0.68
18.65	18.87	991.00	15.64
18.66	18.87	987.11	23.08
18.67	18.87	994.11	13.88
18.68	18.87	995.78	6.11
18.69	18.87	998.78	1.31
18.70	18.87	997.11	4.18
18.71	18.87	993.00	7.77
18.72	18.87	985.78	11.96
18.73	18.87	984.56	12.45
18.74	18.87	983.00	33.48
18.75	18.87	983.33	14.58
18.76	18.87	985.89	16.51
18.77	18.87	996.89	4.01
18.78	18.87	1000.00	0.00
18.79	18.87	999.78	0.42
18.80	18.87	999.78	0.42
18.81	18.87	1000.00	0.00
18.82	18.87	1000.00	0.00
18.83	18.87	1000.00	0.00
18.84	18.87	1000.00	0.00
18.85	18.87	1000.00	0.00
18.86	18.87	990.78	13.63
18.87	18.87	866.67	49.93
18.88	18.87	995.11	7.96
18.89	18.87	1000.00	0.00
18.90	18.87	1000.00	0.00
18.91	18.87	1000.00	0.00
18.92	18.87	1000.00	0.00
18.93	18.87	997.89	5.63
18.94	18.87	999.11	2.18
18.95	18.87	994.56	15.05
18.55	18.88	991.22	5.75
18.56	18.88	976.56	24.18
18.57	18.88	990.11	10.91
18.58	18.88	984.44	16.14
18.59	18.88	987.78	11.06
18.60	18.88	999.00	2.16
18.61	18.88	998.67	1.33
18.62	18.88	997.22	3.29
18.63	18.88	999.22	1.03
18.64	18.88	998.33	2.26
18.65	18.88	991.56	14.01
18.66	18.88	985.78	22.40
18.67	18.88	991.00	17.08
18.68	18.88	993.56	8.15
18.69	18.88	997.11	3.66
18.70	18.88	997.00	3.83
18.71	18.88	997.78	2.20
18.72	18.88	996.44	2.95
18.73	18.88	991.44	7.88
18.74	18.88	989.56	13.23
18.75	18.88	988.56	11.81
18.76	18.88	980.67	34.56
18.77	18.88	984.00	15.35
18.78	18.88	989.44	14.17
18.79	18.88	997.89	3.03
18.80	18.88	999.78	0.63
18.81	18.88	999.89	0.31
18.82	18.88	1000.00	0.00
18.83	18.88	1000.00	0.00
18.84	18.88	1000.00	0.00
18.85	18.88	1000.00	0.00
18.86	18.88	1000.00	0.00
18.87	18.88	990.56	13.35
18.88	18.88	863.11	49.80
18.89	18.88	994.11	9.62
18.90	18.88	1000.00	0.00
18.91	18.88	1000.00	0.00
18.92	18.88	1000.00	0.00
18.93	18.88	1000.00	0.00
18.94	18.88	997.11	6.49
18.95	18.88	994.11	14.59
18.55	18.89	984.33	18.54
18.56	18.89	991.22	7.15
18.57	18.89	983.78	16.57
18.58	18.89	991.78	8.22
18.59	18.89	996.22	2.90
18.60	18.89	999.33	1.05
18.61	18.89	999.22	1.31
18.62	18.89	998.33	1.25
18.63	18.89	998.00	1.63
18.64	18.89	998.67	1.76
18.65	18.89	992.00	12.47
18.66	18.89	986.56	22.50
18.67	18.89	986.22	24.69
18.68	18.89	991.67	9.17
18.69	18.89	995.78	3.94
18.70	18.89	994.67	5.93
18.71	18.89	997.11	2.81
18.72	18.89	997.89	2.64
18.73	18.89	998.44	1.95
18.74	18.89	999.67	0.67
18.75	18.89	997.22	3.36
18.76	18.89	986.44	15.23
18.77	18.89	987.44	13.09
18.78	18.89	984.00	33.05
18.79	18.89	984.67	15.30
18.80	18.89	988.11	16.46
18.81	18.89	998.11	3.25
18.82	18.89	999.56	0.96
18.83	18.89	1000.00	0.00
18.84	18.89	1000.00	0.00
18.85	18.89	999.78	0.63
18.86	18.89	1000.00	0.00
18.87	18.89	999.89	0.31
18.88	18.89	990.78	12.55
18.89	18.89	859.89	53.42
18.90	18.89	993.11	10.97
18.91	18.89	999.89	0.31
18.92	18.89	1000.00	0.00
18.93	18.89	1000.00	0.00
18.94	18.89	996.44	7.69
18.95	18.89	992.11	16.23
18.55	18.90	973.00	26.17
18.56	18.90	987.89	10.26
18.57	18.90	982.44	20.98
18.58	18.90	994.89	5.22
18.59	18.90	999.33	0.94
18.60	18.90	996.00	6.24
18.61	18.90	999.67	0.47
18.62	18.90	999.56	0.96
18.63	18.90	999.33	0.94
18.64	18.90	998.89	1.20
18.65	18.90	992.00	13.61
18.66	18.90	986.22	23.90
18.67	18.90	987.89	17.68
18.68	18.90	988.67	13.15
18.69	18.90	995.89	5.09
18.70	18.90	992.33	10.79
18.71	18.90	994.56	4.45
18.72	18.90	996.44	3.40
18.73	18.90	998.56	1.50
18.74	18.90	999.44	0.68
18.75	18.90	999.33	0.82
18.76	18.90	999.44	0.96
18.77	18.90	995.78	4.44
18.78	18.90	989.00	13.77
18.79	18.90	987.33	13.81
18.80	18.90	983.22	34.50
18.81	18.90	985.67	16.90
18.82	18.90	988.00	19.15
18.83	18.90	997.44	4.42
18.84	18.90	999.44	1.07
18.85	18.90	1000.00	0.00
18.86	18.90	999.89	0.31
18.87	18.90	999.78	0.63
18.88	18.90	999.44	1.57
18.89	18.90	989.11	13.29
18.90	18.90	851.67	54.82
18.91	18.90	990.11	16.12
18.92	18.90	999.44	1.07
18.93	18.90	999.56	0.68
18.94	18.90	999.44	0.96
18.95	18.90	992.22	14.26
18.55	18.91	987.22	9.76
18.56	18.91	983.44	14.58
18.57	18.91	989.44	7.62
18.58	18.91	996.67	3.06
18.59	18.91	998.22	2.90
18.60	18.91	999.00	1.63
18.61	18.91	997.00	4.94
18.62	18.91	998.44	2.45
18.63	18.91	997.89	2.77
18.64	18.91	999.33	1.25
18.65	18.91	992.67	12.81
18.66	18.91	986.89	23.53
18.67	18.91	992.00	12.36
18.68	18.91	990.44	11.25
18.69	18.91	993.56	4.42
18.70	18.91	996.44	3.17
18.71	18.91	994.56	5.14
18.72	18.91	997.44	2.91
18.73	18.91	997.00	2.79
18.74	18.91	997.11	3.38
18.75	18.91	998.89	1.37
18.76	18.91	999.00	0.94
18.77	18.91	998.56	1.34
18.78	18.91	998.44	1.57
18.79	18.91	995.22	4.66
18.80	18.91	986.89	18.08
18.81	18.91	984.11	18.33
18.82	18.91	982.78	36.92
18.83	18.91	982.89	21.47
18.84	18.91	984.67	21.97
18.85	18.91	996.00	5.91
18.86	18.91	998.78	2.57
18.87	18.91	998.67	3.13
18.88	18.91	998.44	3.72
18.89	18.91	998.67	3.43
18.90	18.91	988.11	13.76
18.91	18.91	841.11	60.19
18.92	18.91	985.00	21.59
18.93	18.91	997.78	2.70
18.94	18.91	998.56	1.64
18.95	18.91	990.89	12.62
18.55	18.92	979.89	18.27
18.56	18.92	978.56	17.98
18.57	18.92	988.44	8.46
18.58	18.92	994.44	9.64
18.59	18.92	995.89	7.16
18.60	18.92	996.22	6.41
18.61	18.92	995.33	6.67
18.62	18.92	996.00	6.58
18.63	18.92	997.11	5.49
18.64	18.92	997.00	5.37
18.65	18.92	989.67	14.13
18.66	18.92	986.44	21.38
18.67	18.92	989.33	12.59
18.68	18.92	990.78	7.61
18.69	18.92	992.67	7.07
18.70	18.92	994.33	4.62
18.71	18.92	994.00	5.31
18.72	18.92	992.78	6.66
18.73	18.92	995.56	4.52
18.74	18.92	995.44	5.40
18.75	18.92	995.33	4.97
18.76	18.92	995.11	4.51
18.77	18.92	994.22	5.01
18.78	18.92	996.56	4.69
18.79	18.92	996.11	5.11
18.80	18.92	996.11	5.53
18.81	18.92	990.44	8.68
18.82	18.92	980.44	27.17
18.83	18.92	976.00	27.80
18.84	18.92	977.11	44.13
18.85	18.92	974.33	32.28
18.86	18.92	979.00	29.72
18.87	18.92	989.00	15.63
18.88	18.92	995.22	9.28
18.89	18.92	995.78	9.10
18.90	18.92	995.56	9.12
18.91	18.92	981.22	18.20
18.92	18.92	816.78	79.78
18.93	18.92	977.44	30.05
18.94	18.92	991.11	11.54
18.95	18.92	989.44	11.85
18.55	18.93	961.22	27.90
18.56	18.93	971.11	25.86
18.57	18.93	980.89	27.93
18.58	18.93	987.44	23.00
18.59	18.93	985.44	24.55
18.60	18.93	987.33	22.81
18.61	18.93	986.56	22.79
18.62	18.93	984.11	28.33
18.63	18.93	988.56	20.97
18.64	18.93	988.22	21.01
18.65	18.93	977.89	26.83
18.66	18.93	975.78	26.00
18.67	18.93	979.67	21.08
18.68	18.93	980.78	20.06
18.69	18.93	985.44	20.85
18.70	18.93	985.00	21.46
18.71	18.93	986.33	20.95
18.72	18.93	987.33	21.89
18.73	18.93	987.22	21.25
18.74	18.93	986.33	20.61
18.75	18.93	985.11	21.39
18.76	18.93	985.89	19.69
18.77	18.93	984.22	21.59
18.78	18.93	986.33	21.48
18.79	18.93	984.78	21.03
18.80	18.93	984.00	21.85
18.81	18.93	986.33	21.63
18.82	18.93	985.67	21.57
18.83	18.93	979.44	26.49
18.84	18.93	966.11	42.65
18.85	18.93	959.44	46.90
18.86	18.93	962.78	65.60
18.87	18.93	959.11	50.82
18.88	18.93	963.56	47.34
18.89	18.93	975.78	33.36
18.90	18.93	982.67	27.44
18.91	18.93	982.67	27.66
18.92	18.93	964.22	34.43
18.93	18.93	780.00	102.29
18.94	18.93	955.11	56.49
18.95	18.93	967.67	31.62
18.55	18.94	931.67	55.70
18.56	18.94	938.78	62.53
18.57	18.94	959.78	59.09
18.58	18.94	960.44	59.15
18.59	18.94	959.56	59.33
18.60	18.94	960.67	57.70
18.61	18.94	963.00	56.58
18.62	18.94	964.33	56.30
18.63	18.94	960.00	58.72
18.64	18.94	963.11	57.77
18.65	18.94	955.33	58.09
18.66	18.94	949.00	57.22
18.67	18.94	953.00	56.19
18.68	18.94	954.22	56.49
18.69	18.94	959.11	57.18
18.70	18.94	959.89	59.33
18.71	18.94	961.44	58.34
18.72	18.94	963.11	56.94
18.73	18.94	963.22	57.51
18.74	18.94	962.11	58.09
18.75	18.94	962.44	58.03
18.76	18.94	960.89	57.22
18.77	18.94	958.78	57.90
18.78	18.94	959.33	58.10
18.79	18.94	957.67	58.64
18.80	18.94	957.11	57.56
18.81	18.94	957.78	58.48
18.82	18.94	956.22	59.27
18.83	18.94	955.78	59.10
18.84	18.94	955.11	60.28
18.85	18.94	944.33	66.40
18.86	18.94	927.89	81.67
18.87	18.94	921.33	86.73
18.88	18.94	927.67	104.54
18.89	18.94	919.89	85.57
18.90	18.94	929.33	80.26
18.91	18.94	941.56	71.01
18.92	18.94	945.44	70.28
18.93	18.94	920.33	77.03
18.94	18.94	711.78	138.39
18.95	18.94	898.11	103.24
18.55	18.95	839.89	146.93
18.56	18.95	864.44	140.10
18.57	18.95	872.00	142.19
18.58	18.95	869.89	139.37
18.59	18.95	871.78	138.87
18.60	18.95	874.33	137.72
18.61	18.95	875.00	137.90
18.62	18.95	875.67	137.48
18.63	18.95	870.11	137.88
18.64	18.95	872.89	139.93
18.65	18.95	865.22	139.05
18.66	18.95	856.22	137.36
18.67	18.95	860.56	135.96
18.68	18.95	865.56	136.86
18.69	18.95	867.44	137.79
18.70	18.95	870.00	139.27
18.71	18.95	872.56	138.56
18.72	18.95	873.33	138.75
18.73	18.95	870.67	140.22
18.74	18.95	871.00	139.71
18.75	18.95	871.11	140.64
18.76	18.95	869.67	139.88
18.77	18.95	869.11	141.42
18.78	18.95	868.00	140.63
18.79	18.95	869.00	141.40
18.80	18.95	866.56	140.91
18.81	18.95	863.33	139.39
18.82	18.95	861.22	140.38
18.83	18.95	859.56	140.31
18.84	18.95	859.22	140.47
18.85	18.95	857.00	141.57
18.86	18.95	851.67	141.28
18.87	18.95	843.22	141.78
18.88	18.95	821.00	152.13
18.89	18.95	806.00	157.80
18.90	18.95	815.22	171.62
18.91	18.95	800.00	154.60
18.92	18.95	814.00	158.01
18.93	18.95	816.22	153.93
18.94	18.95	788.00	153.49
18.95	18.95	572.33	190.05
18.55	18.96	618.89	225.07
18.56	18.96	622.33	228.37
18.57	18.96	624.67	227.06
18.58	18.96	625.22	227.89
18.59	18.96	627.00	227.67
18.60	18.96	627.56	227.79
18.61	18.96	627.44	228.29
18.62	18.96	627.56	227.78
18.63	18.96	626.89	228.29
18.64	18.96	617.11	232.02
18.65	18.96	618.22	228.15
18.66	18.96	610.33	228.17
18.67	18.96	608.11	226.01
18.68	18.96	614.00	229.53
18.69	18.96	618.89	227.37
18.70	18.96	621.89	228.49
18.71	18.96	623.33	229.37
18.72	18.96	622.56	229.27
18.73	18.96	623.00	229.26
18.74	18.96	619.89	228.42
18.75	18.96	619.44	229.13
18.76	18.96	618.89	228.76
18.77	18.96	618.44	229.45
18.78	18.96	617.78	227.76
18.79	18.96	618.00	229.21
18.80	18.96	617.56	229.36
18.81	18.96	616.11	228.94
18.82	18.96	615.44	229.39
18.83	18.96	611.44	227.26
18.84	18.96	610.44	228.96
18.85	18.96	607.67	228.80
18.86	18.96	604.22	228.27
18.87	18.96	603.67	229.51
18.88	18.96	599.67	227.66
18.89	18.96	585.22	221.67
18.90	18.96	567.44	211.98
18.91	18.96	551.44	217.54
18.92	18.96	549.11	227.12
18.93	18.96	538.00	216.11
18.94	18.96	548.67	220.29
18.95	18.96	509.89	208.56
